"Time (Epoch, UTC)"	N1 (cm-3)	N2	N3	N4	Dp1 (um)	Dp2	Dp3	Dp4	SD1	SD2	SD3	SD4
1657904253	1359.6				0.02296				1.17			
1657904443	1355.7				0.02333				1.17			
1657904632	1444.7				0.02393				1.16			
1657904822	1419				0.02434				1.17			
1657905012	1341.4				0.02507				1.16			
1657905202	1226.2				0.02557				1.15			
1657905392	1240.7				0.02609				1.15			
1657905582	1284				0.02649				1.16			
1657905772	1103				0.02753				1.13			
1657908050	1059.1				0.03338				1.13			
1657908540	926.4				0.04627				1.13			
1657908750	957.4				0.04685				1.13			
1657908960	819.9				0.04762				1.11			
1657909170	780.9				0.04803				1.11			
1657909379	777.8				0.04836				1.11			
1657909589	753.4				0.04843				1.11			
1657911897	548.5				0.04945				1.11			
1657912107	540.8				0.04999				1.11			
1657912317	545.1				0.05036				1.11			
1657912527	524				0.05076				1.11			
1657912737	516.4				0.05072				1.11			
1657912947	478.6				0.05113				1.11			
1657913157	458.6				0.05088				1.11			
1657913366	440.1				0.05095				1.11			
1657996163	6590.1				0.02128				1.24			
1657996373	6585.6				0.02199				1.23			
1657996583	6414.8				0.02261				1.22			
1657996793	6318.4				0.02342				1.21			
1657997003	6313.6				0.02409				1.21			
1657997212	6026.6				0.02502				1.2			
1657997422	5830.5				0.0257				1.19			
1657999716	6443				0.03647				1.15			
1658000136	6369.6				0.0402				1.14			
1658000346	6290.4				0.04193				1.14			
1658000556	6256				0.04413				1.13			
1658000765	7189.1				0.04556				1.15			
1658000975	7218.8				0.04762				1.16			
1658001185	6391.6				0.04909				1.13			
1658003494	4959.9				0.05721				1.12			
1658003704	5091.5				0.05765				1.13			
1658004543	4262.4				0.05976				1.12			
1658004753	4294.2				0.05999				1.13			
1658004963	4105.8				0.06019				1.13			
1658007482	2660.8				0.06428				1.11			
1658007692	2547.9				0.0645				1.11			
1658007901	2478.6				0.06459				1.11			
1658008111	2333.5				0.06482				1.11			
1658008321	2246.2				0.06473				1.11			
1658008531	2180.3				0.06492				1.11			
1658008741	2072.5				0.06492				1.11			
1658008951	1988.5				0.065				1.11			
1658011260	1691				0.06562				1.12			
1658011470	1588.6				0.06567				1.12			
1658011680	1542				0.06547				1.12			
1658012520	1402.8				0.06582				1.12			
1658012729	1350				0.06598				1.12			
1658015038	820.2				0.06672				1.11			
1658015248	701.3				0.06736				1.1			
1658015458	675.9				0.06709				1.1			
1658015668	662.2				0.06739				1.1			
1658015878	648.5				0.06728				1.1			
1658016088	652.9				0.0669				1.11			
1658016298	563.9				0.06726				1.1			
1658016508	664.5				0.06593				1.12			
1658018816	386.6				0.06732				1.1			
1658019026	394.5				0.06685				1.11			
1658019236	344				0.06746				1.1			
1658019446	341.9				0.06729				1.1			
1658019656	324.2				0.06714				1.1			
1658019866	373.9				0.06606				1.12			
1658020076	291.9				0.06725				1.1			
1658020475	287.6				0.06691				1.11			
1658022784	201.8				0.06768				1.11			
1658022994	200.3				0.06754				1.11			
1658023204	182.6				0.06812				1.11			
1658023414	180				0.06773				1.11			
1658023624	180.7				0.06751				1.12			
1658023834	186.2				0.06762				1.12			
1658024044	169.2				0.06785				1.12			
1658024253	154.2				0.06798				1.11			
1658026562	110.2				0.06866				1.12			
1658026773	115.4				0.06841				1.12			
1658026982	95.5				0.06949				1.11			
1658072525	5466.6				0.02423				1.15			
1658072735	5508.3				0.02468				1.15			
1658072945	5662				0.02526				1.15			
1658073155	5663.3				0.02565				1.15			
1658073364	5306.6				0.02617				1.14			
1658073574	5551.5				0.02647				1.15			
1658073784	5608.5				0.02716				1.15			
1658073994	5640.5				0.02774				1.15			
1658076513	6133.5				0.04212				1.12			
1658076723	6337.2				0.04291				1.12			
1658076933	5788.1				0.04372				1.11			
1658077143	6154.5				0.04461				1.12			
1658077353	5624.6				0.04612				1.11			
1658077563	5902.2				0.04724				1.12			
1658077773	5295.7				0.04821				1.11			
1658077982	5217.7				0.04915				1.1			
1658080291	4184				0.05945				1.1			
1658080501	4068.5				0.06047				1.1			
1658080711	4062				0.06096				1.1			
1658080921	3973.3				0.06198				1.1			
1658081551	4044				0.06341				1.11			
1658081761	4056.8				0.06391				1.12			
1658084070	2883.6				0.07244				1.1			
1658084280	2849.7				0.07297				1.1			
1658084490	2834.4				0.07402				1.1			
1658084700	2670.7				0.07472				1.1			
1658084910	2591.2				0.07531				1.1			
1658085120	2497.9				0.07614				1.1			
1658085330	2381.7				0.07713				1.1			
1658085539	2333.9				0.07799				1.1			
1658087848	1467.6				0.08713				1.08			
1658088058	1432.4				0.0877				1.08			
1658088268	1411.3				0.08833				1.08			
1658088478	1309.2				0.08925				1.08			
1658088688	1252.6				0.08978				1.08			
1658088898	1221.6				0.09025				1.08			
1658089318	1190.2				0.09105				1.08			
1658089528	1105.5				0.09153				1.08			
1658091837	747.8				0.09601				1.08			
1658092047	741.4				0.09625				1.08			
1658092257	746.4				0.0963				1.08			
1658092467	686.6				0.09679				1.08			
1658092677	654				0.0968				1.08			
1658092887	626.4				0.09675				1.08			
1658093096	587.7				0.09715				1.08			
1658093306	578.4				0.0975				1.08			
1658095613	394.2				0.09853				1.08			
1658095822	390.9				0.09824				1.08			
1658096032	368.6				0.09856				1.08			
1658096242	346.4				0.09872				1.08			
1658096451	330.6				0.09866				1.08			
1658096661	317				0.0987				1.08			
1658096871	314.1				0.09818				1.08			
1658097080	291.5				0.09858				1.08			
1658099464	192.8				0.09961				1.08			
1658099673	167.4				0.1				1.08			
1658099883	171.4				0.09965				1.08			
1658100093	174.5				0.09954				1.08			
1658100302	158.9				0.09939				1.08			
1658100512	147				0.09964				1.08			
1658100721	134.1				0.10032				1.08			
1658100931	131.6				0.09966				1.08			
1658103237	96.1				0.09949				1.08			
1658103446	96.1				0.09972				1.08			
1658103656	92.6				0.09978				1.08			
1658103866	83.8				0.09959				1.08			
1658104075	83.9				0.09935				1.08			
1658255867	195.2				0.01746				1.08			
1658256077	165.7				0.0177				1.12			
1658256286	137.4				0.0187				1.16			
1658256496	125.2				0.01923				1.14			
1658256706	138.4				0.01926				1.15			
1658257125	111.3				0.02005				1.12			
1658257335	120.3				0.02024				1.13			
1658259853	118.4				0.02207				1.13			
1658260063	118.3				0.02239				1.12			
1658260273	116.9				0.02299				1.12			
1658263632	71.3				0.02294				1.12			
1658263842	70.7				0.02344				1.12			
1658264053	72.8				0.02355				1.12			
1658264262	69.6				0.02376				1.12			
1658264472	71.8				0.0236				1.12			
1658264682	66.6				0.02406				1.12			
1658264892	66.8				0.02538				1.12			
1658265102	65				0.02521				1.12			
1658352213	765.7				0.02822				1.21			
1658352423	816.3				0.02836				1.21			
1658352633	870.2				0.02853				1.21			
1658352843	1000.7				0.02893				1.2			
1658353053	1064.3				0.02917				1.2			
1658353263	1135.8				0.02946				1.2			
1658353473	1139.8				0.02959				1.2			
1658353682	1248.9				0.02992				1.19			
1658356200	1894.4				0.03247				1.16			
1658356410	1833.9				0.03257				1.16			
1658356619	1860.4	697.1			0.03287	0.0157			1.16	1.31		
1658356829	1818.1	667.9			0.03278	0.01569			1.16	1.3		
1658357039	1684.3	634			0.03298	0.01607			1.16	1.29		
1658357459	1528	585.2			0.03316	0.01647			1.16	1.28		
1658357668	1456.1	588			0.0332	0.01646			1.17	1.28		
1658360605	907.6	364.8			0.03367	0.01757			1.16	1.25		
1658360815	826.6	359.6			0.03355	0.01761			1.16	1.24		
1658361025	801.6	330.3			0.03372	0.01765			1.17	1.24		
1658361235	754.2	335.4			0.03351	0.01774			1.17	1.23		
1658361445	783.5	324.5			0.03394	0.0178			1.17	1.25		
1658363753	489.8	222			0.03384	0.01793			1.16	1.23		
1658363963	464.8	218.8			0.03349	0.01796			1.17	1.22		
1658364173	462.9	195.8			0.0338	0.01799			1.16	1.24		
1658364383	434.6	195.1			0.03387	0.018			1.16	1.23		
1658364594	397	189.2			0.03365	0.01802			1.17	1.22		
1658364804	381.5	179.6			0.03407	0.01812			1.17	1.25		
1658365014	365	173.8			0.03388	0.01805			1.17	1.24		
1658365224	363.3	158.6			0.03371				1.17	1.24		
1658367743	218.4	108.5			0.03381				1.17	1.23		
1658367953	216.2	103.2			0.03414				1.18	1.25		
1658368163	206.1	101.8			0.03368				1.18	1.24		
1658368373	184.5	101.8			0.03344				1.19	1.22		
1658368583	182.4	102.5			0.03338				1.19	1.21		
1658369003	174	78			0.03368				1.15	1.24		
1658369213	164.9	89.9			0.03396				1.19	1.23		
1658371525	99.8	49.8			0.03405				1.17	1.24		
1658371735	95.2	51.2			0.0337				1.21	1.23		
1658371945	95	50.2			0.03385				1.18	1.23		
1658372155	92	52.6			0.03295				1.2	1.23		
1658372365	82.7	43.9			0.03344				1.17	1.23		
1658421403	7651.1	  			0.01972	  			1.32	  		
1658421613	7506.9	  			0.02004	  			1.32	  		
1658421823	7511.5	  			0.02022	  			1.32	  		
1658422033	7266.7	  			0.02062	  			1.32	  		
1658422243	6661.6	  			0.0204	  			1.32	  		
1658422452	6321.9	  			0.02073	  			1.32	  		
1658422662	6115.3	  			0.02094	  			1.31	  		
1658422872	6219.6	  			0.02114	  			1.31	  		
1658425180	5079.1	  			0.02331	  			1.29	  		
1658425389	4866.8	  			0.02341	  			1.29	  		
1658425599	4808.2	  			0.02361	  			1.28	  		
1658425809	4605.2	  			0.02382	  			1.28	  		
1658426019	4370.3	  			0.02402	  			1.28	  		
1658426229	4251.7	  			0.02408	  			1.28	  		
1658426438	4123.7	  			0.02417	  			1.28	  		
1658426648	4025.7	  			0.02442	  			1.28	  		
1658429167	2707	  			0.02632	  			1.26	  		
1658429377	2678.6	  			0.02651	  			1.26	  		
1658429588	2535.2	  			0.02657	  			1.26	  		
1658429798	2463	  			0.02676	  			1.26	  		
1658430008	2343.8	  			0.0269	  			1.26	  		
1658430217	2390.7	  			0.02726	  			1.25	  		
1658430427	2435.9	  			0.02772	  			1.25	  		
1658430637	2146.4	  			0.02786	  			1.25	  		
1658432948	1670.2	  			0.02961	  			1.24	  		
1658433158	1628.1	  			0.02987	  			1.23	  		
1658433369	1560.3	  			0.02996	  			1.23	  		
1658433579	1459.7	  			0.03005	  			1.23	  		
1658433789	1400.7	  			0.03013	  			1.23	  		
1658433999	1317.1	  			0.03009	  			1.24	  		
1658434209	1260.3	  			0.03027	  			1.23	  		
1658434419	1222.4	  			0.03042	  			1.23	  		
1658436730	865	  			0.03192	  			1.22	  		
1658436940	843.6	  			0.03217	  			1.21	  		
1658437150	821	  			0.03217	  			1.21	  		
1658437360	807.7	  			0.03225	  			1.21	  		
1658437570	802.1	  			0.03261	  			1.22	  		
1658437780	747.7	  			0.0329	  			1.21	  		
1658437990	725.3	  			0.03313	  			1.21	  		
1658438200	683.6	  			0.03336	  			1.21	  		
1658440511	498.1	  			0.03535	  			1.19	  		
1658440721	449.8	  			0.03587	  			1.19	  		
1658440930	438.4	  			0.03596	  			1.18	  		
1658441140	417.1	  			0.03593	  			1.17	  		
1658441350	412.4	  			0.03581	  			1.18	  		
1658441560	401.7	  			0.03578	  			1.2	  		
1658441770	360.8	  			0.0363	  			1.17	  		
1658441980	350.1	  			0.03602	  			1.17	  		
1658444918	225.5	  			0.03667	  			1.17	  		
1658445338	212.7	  			0.03677	  			1.18	  		
1658445758	211	  			0.03673	  			1.19	  		
1658445968	198.7	  			0.03708	  			1.19	  		
1658448279	130.2	  			0.03713	  			1.18	  		
1658448489	122.2	  			0.03729	  			1.17	  		
1658448699	115	  			0.03712	  			1.18	  		
1658449119	106.6	  			0.03719	  			1.18	  		
1658449329	105.7	  			0.03712	  			1.19	  		
1658449539	94.9	  			0.03715	  			1.19	  		
1658508817	535	  			0.01663	  			1.16	  		
1658509027	530.6	  			0.01687	  			1.17	  		
1658509237	533.4	  			0.01703	  			1.17	  		
1658511756	504.3	  			0.02091	  			1.14	  		
1658511966	474.6	  			0.02121	  			1.14	  		
1658512596	413.5	  			0.02203	  			1.13	  		
1658513016	422.3	  			0.0222	  			1.15	  		
1658513226	389.2	  			0.02281	  			1.12	  		
1658515534	360.8	233.1			0.02769	0.01362			1.11	1.09		
1658515745	358.7	236.3			0.0279	0.01356			1.12	1.1		
1658516165	325.2	253.9			0.02786	0.01358			1.12	1.11		
1658516375	309.2	235.6			0.02791	0.01365			1.12	1.1		
1658516585	290.6	246.4			0.0279	0.01363			1.12	1.11		
1658516795	273.1	232.5			0.02815	0.01369			1.12	1.11		
1658517005	260.3	251.4			0.02839	0.01379			1.12	1.12		
1658519316	201.1	320.8			0.03201	0.01796			1.1	1.12		
1658519526	195.3	310.7			0.03213	0.01821			1.1	1.12		
1658520156	174.9	266.5			0.0325	0.01861			1.11	1.11		
1658520576	161.8	265.6			0.03278	0.01898			1.11	1.12		
1658520786	160	252.2			0.03297	0.01908			1.1	1.12		
1658523094	162.9	224.7			0.03457	0.021			1.12	1.11		
1658523304	139.2	227.9			0.03458	0.02102			1.12	1.12		
1658523514	140.4	212.4			0.03465	0.02118			1.12	1.12		
1658523724	138.6	202.7			0.03479	0.02132			1.12	1.11		
1658523934	120.6	198.6			0.03461	0.02156			1.11	1.11		
1658524354	100.3	183.7			0.03546	0.02183			1.1	1.12		
1658524564	94.1	185.2			0.03542	0.02204			1.1	1.11		
1658527084	68.2	134.6			0.03708	0.02428			1.1	1.1		
1658527294	63.5	124.8			0.03724	0.02433			1.1	1.1		
1658527503	61.1	123.8			0.03757	0.02453			1.1	1.1		
1658527713	60.2	111.4			0.03732	0.02462			1.09	1.09		
1658527923	52.4	115.8			0.03777	0.02477			1.1	1.1		
1658528133	53.8	109.9			0.03767	0.02475			1.1	1.1		
1658528553	41.1	107.2			0.03816	0.02482			1.08	1.11		
1658530864	49.6	109.4			0.03927	0.02638			1.1	1.1		
1658531074	39	94.2			0.03954	0.02626			1.09	1.11		
1658531284	34.6	81			0.0397	0.02662			1.09	1.1		
1658531494	34.7	72.8			0.03904	0.02665			1.1	1.1		
1658531705	33	69.4			0.03928	0.02657			1.1	1.1		
1658531915	29.8	65.4			0.03957	0.02682			1.1	1.09		
1658532125	28.6	56.7			0.03941	0.02681			1.09	1.09		
1658584644	2012.7	  			0.01304	  			1.18	  		
1658584854	2233.4	  			0.01309	  			1.18	  		
1658585064	2653.8	  			0.013	  			1.19	  		
1658585274	3013.4	  			0.01316	  			1.19	  		
1658585484	3282	  			0.01324	  			1.21	  		
1658585694	3423.8	  			0.01337	  			1.21	  		
1658588312	4496.7	  			0.01691	  			1.22	  		
1658588522	4482.3	  			0.01731	  			1.21	  		
1658588942	4424.5	  			0.01796	  			1.21	  		
1658589152	4427	  			0.01827	  			1.22	  		
1658589361	4514.9	  			0.01871	  			1.22	  		
1658589572	4711.8	  			0.01934	  			1.21	  		
1658589782	4893.8	  			0.01986	  			1.21	  		
1658589992	4942.6	  			0.02037	  			1.21	  		
1658592512	5315.7	  			0.02663	  			1.16	  		
1658592721	5098.5	  			0.0269	  			1.16	  		
1658592931	5079.1	  			0.02734	  			1.16	  		
1658593141	4952.2	  			0.02776	  			1.16	  		
1658593771	3726.9	  			0.02844	  			1.16	  		
1658593981	3631.9	  			0.02857	  			1.16	  		
1658594192	3304.4	  			0.02904	  			1.14	  		
1658594401	3250.5	  			0.0294	  			1.14	  		
1658594611	3314.4	  			0.02968	  			1.15	  		
1658596919	2486.8	3864.1			0.03338	0.0184			1.14	1.24		
1658597129	2456.2	3696.2			0.03343	0.01853			1.14	1.23		
1658597339	2390.2	3429.7			0.03339	0.01852			1.14	1.22		
1658597549	2169.3	3365.2			0.03351	0.0187			1.14	1.23		
1658597759	2096.3	3160			0.03356	0.01885			1.14	1.23		
1658597969	2061.4	3005.9			0.03357	0.01881			1.14	1.22		
1658598179	1980.2	2895.6			0.03372	0.01891			1.14	1.22		
1658598389	1865.6	2814.3			0.03394	0.01921			1.14	1.22		
1658600700	1455.6	2520.5			0.03749	0.02294			1.13	1.19		
1658600910	1364.2	2458			0.03785	0.02332			1.13	1.18		
1658601120	1342.8	2357.3			0.03813	0.02369			1.13	1.18		
1658601330	1289.6	2330.9			0.03843	0.02418			1.12	1.18		
1658601540	1252	2261.4			0.03867	0.0244			1.12	1.18		
1658601750	1217.6	2234			0.03913	0.02474			1.12	1.17		
1658601960	1168.6	2124.5			0.03945	0.02516			1.12	1.17		
1658602170	1121.2	2093.3			0.03961	0.02537			1.12	1.17		
1658604481	856.7	1578.4			0.04115	0.02694			1.12	1.16		
1658604691	847	1524.7			0.04124	0.02717			1.12	1.15		
1658604901	794.5	1508.6			0.04148	0.02754			1.12	1.15		
1658605111	790.1	1445.4			0.04181	0.02771			1.12	1.15		
1658605321	760.8	1417.4			0.04209	0.02804			1.12	1.15		
1658605531	722.5	1372.8			0.04219	0.02827			1.12	1.15		
1658605742	700.4	1341.5			0.04238	0.0285			1.12	1.15		
1658605952	672	1275.2			0.0426	0.02875			1.12	1.14		
1658608473	450.2	859.8			0.0437	0.02987			1.11	1.14		
1658608683	434.8	824.6			0.04362	0.02999			1.12	1.14		
1658608893	425.3	769.8			0.04367	0.02995			1.12	1.13		
1658609103	426.6	734.9			0.04333	0.02991			1.13	1.13		
1658609313	381	710			0.04363	0.03001			1.12	1.13		
1658609523	358.5	686.5			0.04398	0.03014			1.11	1.14		
1658609733	337.6	662.8			0.04404	0.03012			1.11	1.14		
1658609943	311.1	648			0.04398	0.03031			1.11	1.14		
1658612254	282	536.6			0.04447	0.03105			1.12	1.13		
1658612464	297.8	514.3			0.04441	0.03108			1.12	1.12		
1658612674	282.3	511.4			0.04452	0.0312			1.12	1.13		
1658612884	261.6	523.3			0.04496	0.03147			1.11	1.13		
1658613094	252.1	507.3			0.04492	0.03139			1.11	1.13		
1658613304	232.1	492.7			0.04509	0.03144			1.11	1.14		
1658613514	209.5	432.7			0.0453	0.03159			1.11	1.13		
1658613724	206.8	396.7			0.04506	0.03159			1.11	1.13		
1658616034	148.1	292.2			0.04684	0.03337			1.11	1.12		
1658616244	144	282.8			0.04642	0.03332			1.11	1.12		
1658616454	143.3	265.2			0.04625	0.0333			1.12	1.11		
1658616664	122.4	263.8			0.04713	0.03378			1.1	1.12		
1658616873	131.9	241.2			0.04677	0.03355			1.12	1.12		
1658617083	118.3	236.4			0.04711	0.03373			1.11	1.12		
1658617293	109.8	228.8			0.04705	0.03396			1.1	1.12		
1658617503	108.3	216.1			0.04724	0.03375			1.12	1.12		
1658620230	66.5	140.8			0.04757	0.03422			1.11	1.12		
1658620439	64.3	136.7			0.0475	0.03447			1.11	1.12		
1658620649	66.5	123.7			0.04747	0.03424			1.13	1.12		
1658620859	55	127.3			0.04772	0.03444			1.1	1.13		
1658621069	56.3	120.8			0.0475	0.03417			1.12	1.12		
1658621488	50.2	107.9			0.04763	0.03435			1.12	1.13		
1658623795	33.6	76.1			0.04751	0.03445			1.11	1.11		
1658675652	10729				0.02571				1.18			
1658675862	10010.3				0.02616				1.18			
1658676073	10435				0.02653				1.19			
1658676283	10195.4				0.02712				1.19			
1658676492	10101.7				0.02764				1.19			
1658676702	9609				0.02807				1.18			
1658676912	9353.7				0.02846				1.18			
1658677123	9059				0.02901				1.17			
1658679433	7637.9				0.03538				1.15			
1658679642	7534.3				0.0357				1.15			
1658679852	7383.9				0.03611				1.15			
1658680062	7252.3				0.0368				1.15			
1658680272	7053.6				0.03743				1.15			
1658680481	7075.8				0.03803				1.15			
1658680691	6755.6				0.03871				1.15			
1658680901	6447.9				0.03927				1.15			
1658683211	5320.2				0.04576				1.14			
1658683421	5229.8				0.04611				1.14			
1658683631	5274.5				0.04626				1.14			
1658683841	5092.5				0.04654				1.14			
1658687201		14994.1				0.03902				1.23		
1658687411		14885				0.0395				1.23		
1658687620		13753.5				0.0399				1.22		
1658688041		13583				0.04142				1.23		
1658690981		9406.1				0.05173				1.2		
1658691191		9170.4				0.05232				1.2		
1658691401		8763.2				0.05288				1.2		
1658691611		8386				0.05343				1.19		
1658691820		8118.2				0.05415				1.19		
1658692031		7781.4				0.05465				1.19		
1658692241		7580.4				0.05513				1.19		
1658692451		7649.9				0.0551				1.2		
1658694761		6744.8	15927.9			0.05967	0.03347			1.21	1.16	
1658694971		6398	14772.7			0.06026	0.03384			1.2	1.15	
1658695181		5999.6	14692.5			0.06126	0.03437			1.2	1.16	
1658695391		5640.5	15176.4			0.06209	0.03526			1.2	1.16	
1658695601		5444.2	15867.7			0.06241	0.03596			1.2	1.17	
1658695811		5370.2	13483.9			0.06277	0.0362			1.2	1.16	
1658696021		4067.5	13075.6			0.06552	0.03667			1.19	1.16	
1658696231		4134.6	13876.3			0.06498	0.03744			1.2	1.17	
1658698541		4263.5	10787.2			0.06426	0.04292			1.21	1.17	
1658698751		4075.3	10312.5			0.06507	0.04327			1.21	1.17	
1658698961		3450.2	10046.9			0.06685	0.04345			1.19	1.17	
1658699171		3575.9	9643.1			0.06642	0.04385			1.19	1.17	
1658699381		3233.5	9926.6			0.06814	0.04466			1.18	1.17	
1658699591		3125.2	9343.6			0.06889	0.04525			1.18	1.17	
1658699801		1816.4	9165.7			0.07505	0.04585			1.14	1.17	
1658700011		1688.3	8740.2			0.07591	0.04628			1.13	1.17	
1658702531		1595.2	6427.1	13908.5		0.07635	0.05233	0.01471		1.13	1.17	1.17
1658702741		1502.7	6191.5	13220.2		0.0766	0.05262	0.0154		1.13	1.16	1.17
1658702951		1555.8	5894	12841.6		0.07616	0.05321	0.01603		1.14	1.17	1.17
1658703162		1526.6	5790.9	12563		0.07634	0.05332	0.01666		1.14	1.16	1.17
1658703371		1286.4	5554.8	12311.2		0.07766	0.05367	0.01703		1.13	1.16	1.17
1658703581		1212.3	5397	12029.1		0.07829	0.05419	0.01746		1.13	1.17	1.17
1658703791			5299.4	12038.8			0.05415	0.018			1.17	1.17
1658704001			5015.7	11818			0.05488	0.01852			1.17	1.17
1658706312			4035.1	9798.4			0.05793	0.02312			1.17	1.15
1658706522			4078.1	9911.3			0.05804	0.02343			1.17	1.16
1658706732			3659.8	9283.6			0.0583	0.02382			1.16	1.15
1658706942			3692.8	9159.5			0.05862	0.02403			1.16	1.15
1658707152			3303.7	8433			0.05863	0.02442			1.16	1.15
1658707361			3430.2	8403.5			0.0592	0.02466			1.17	1.15
1658707571			3113.9	7874.2			0.05907	0.02486			1.16	1.15
1658707781			2991.7	7615.7			0.05927	0.02515			1.16	1.15
1658710090			2460	5674			0.06068	0.02738			1.17	1.15
1658710299			2384.8	5397.9			0.0605	0.02732			1.17	1.15
1658710509			2300	5155.1			0.06091	0.02737			1.17	1.14
1658710719			2212.1	5042.3			0.06093	0.02749			1.17	1.15
1658710929			2119.5	4746.1			0.06106	0.02758			1.17	1.14
1658711138			2054.5	4568.4			0.06104	0.0276			1.17	1.14
1658711348			1969.3	4418.5			0.06122	0.02772			1.17	1.15
1658711558			1893.3	4265.6			0.06127	0.02778			1.17	1.14
1658714075			1350	2944.3			0.06207	0.02883			1.17	1.14
1658714285			1302	2826.9			0.06213	0.02884			1.17	1.14
1658714495			1253.6	2765.1			0.06256	0.02889			1.17	1.14
1658714705			1223.9	2579.1			0.06254	0.02889			1.17	1.14
1658714914			1148.8	2475.3			0.06255	0.02907			1.17	1.15
1658715124			1105.4	2403			0.06241	0.02914			1.17	1.14
1658715334			1088.6	2315.3			0.06255	0.02918			1.17	1.14
1658715544			1035.7	2224.9			0.06285	0.0293			1.17	1.14
1658717851			783.3	1678.9			0.06296	0.03018			1.17	1.14
1658718061			763.9	1560.3			0.06301	0.03009			1.17	1.14
1658718271			712.6	1545.9			0.06324	0.03026			1.17	1.14
1658718481			702.9	1459.2			0.06286	0.03009			1.17	1.14
1658718691			671.1	1404.3			0.06313	0.03023			1.17	1.14
1658718901			663.2	1336.1			0.06328	0.03013			1.17	1.14
1658719111			605.5	1274.6			0.0638	0.03031			1.17	1.14
1658719321			600.3	1227.4			0.0632	0.03023			1.17	1.14
1658721842			425.7	843.2			0.0633	0.03081			1.17	1.13
1658722052			406	835.7			0.06385	0.03085			1.17	1.14
1658722262			390.4	834.2			0.06389	0.03103			1.17	1.14
1658722472			371.6	783.2			0.06433	0.03078			1.17	1.14
1658722891			342.8	728.6			0.06405	0.03104			1.17	1.14
1658723101			327	694.1			0.06438	0.03111			1.17	1.14
1658725622			253.3	505.1			0.06415	0.03171			1.17	1.14
1658754033	33316.6	  			0.01593	  			1.24	  		
1658756343	30954.8	  			0.02348	  			1.2	  		
1658756553	28679.1	  			0.02455	  			1.2	  		
1658756763	29056.4	  			0.0252	  			1.2	  		
1658756973	29087.7	  			0.02583	  			1.19	  		
1658757393	28205.9	  			0.02675	  			1.2	  		
1658757603	27219.3	  			0.02722	  			1.19	  		
1658757813	26758.8	  			0.02774	  			1.19	  		
1658760337	26386.4	  			0.03366	  			1.23	  		
1658766123	13657.9	  			0.04515	  			1.2	  		
1658766332	12926.3	  			0.04537	  			1.2	  		
1658766542	12452.1	  			0.04562	  			1.2	  		
1658766752	12082.8	  			0.04587	  			1.2	  		
1658766962	11696.6	  			0.04613	  			1.2	  		
1658767171	11349.9	  			0.04618	  			1.2	  		
1658767381	10737.1	  			0.04638	  			1.2	  		
1658767591	10251.7	  			0.04658	  			1.2	  		
1658769844	8564.5	  			0.04917	  			1.19	  		
1658770054	7193.3	  			0.0494	  			1.19	  		
1658770264	6945.6	  			0.04974	  			1.19	  		
1658770474	6551.5	  			0.05019	  			1.19	  		
1658770684	6292	  			0.05053	  			1.19	  		
1658770894	5937.8	  			0.05094	  			1.18	  		
1658771104	5684.6	  			0.05139	  			1.18	  		
1658771314	5364.4	  			0.0518	  			1.18	  		
1658773833	4093.4	  			0.05693	  			1.17	  		
1658774043	4168.4	  			0.05673	  			1.17	  		
1658774253	4223.7	  			0.05686	  			1.17	  		
1658774463	3596.9	  			0.05805	  			1.16	  		
1658774673	3466.3	  			0.05846	  			1.16	  		
1658774883	3278.8	  			0.05917	  			1.16	  		
1658775093	3261.8	  			0.05926	  			1.16	  		
1658775303	3650.9	  			0.05791	  			1.18	  		
1658777613	2558.5	  			0.06274	  			1.17	  		
1658777823	2068.1	  			0.06411	  			1.14	  		
1658778034	2252	  			0.06334	  			1.16	  		
1658778243	2163.8	  			0.06348	  			1.16	  		
1658778453	1999.8	  			0.06414	  			1.15	  		
1658778663	1935.6	  			0.06439	  			1.15	  		
1658778873	1825.1	  			0.06486	  			1.15	  		
1658779083	1751.3	  			0.06526	  			1.15	  		
1658781394	1226	  			0.06989	  			1.14	  		
1658781604	1132.8	  			0.07021	  			1.13	  		
1658781814	1165.6	  			0.07	  			1.14	  		
1658782023	1133.3	  			0.0701	  			1.14	  		
1658782233	1050.2	  			0.07062	  			1.13	  		
1658782443	991.7	  			0.07116	  			1.13	  		
1658782653	977.5	  			0.07119	  			1.14	  		
1658782863	1013.7				0.0714				1.14			
1658785170	757.6				0.0742				1.15			
1658785380	705.9				0.07446				1.14			
1658785590	722.1				0.07376				1.15			
1658785800	653.6				0.07485				1.14			
1658786009	548				0.07604				1.12			
1658786219	655.3				0.07398				1.15			
1658786429	557.3				0.07553				1.13			
1658786639	630.9				0.07408				1.15			
1658786848	525.7				0.07571				1.14			
1658789157	403.1				0.07693				1.14			
1658789367	367.6				0.07744				1.13			
1658789577	345.6				0.07779				1.13			
1658789787	312.3				0.07809				1.12			
1658789997	352.1				0.07649				1.14			
1658790207	278.3				0.07868				1.12			
1658790417	297.1				0.07816				1.13			
1658790627	290.7				0.07785				1.14			
1658792937	240.8				0.07817				1.14			
1658793147	231.7				0.07763				1.14			
1658793358	212.8				0.07816				1.13			
1658793568	206.8				0.07795				1.13			
1658793778	211.8				0.07736				1.14			
1658793987	188.3				0.07808				1.13			
1658794198	177.6				0.07805				1.12			
1658794408	158.4				0.07866				1.12			
1658796718	126.8				0.07821				1.13			
1658848168	2778.6				0.01423				1.22			
1658850476	3470.1				0.01718				1.22			
1658850685	3531.7				0.01777				1.21			
1658850895	3763.7				0.01848				1.21			
1658851105	4064.1				0.01934				1.21			
1658851315	4303.9				0.02011				1.21			
1658851525	4443				0.02129				1.21			
1658851735	4716.1				0.02252				1.2			
1658851945	4901.3				0.02371				1.2			
1658854464	5920.5	16020.5			0.03971	0.02001			1.14	1.24		
1658854673	5839.7	17169.6			0.04129	0.0214			1.13	1.24		
1658854883	5567.3	17908.1			0.04289	0.02285			1.13	1.23		
1658855093	5529.7	18051.4			0.04407	0.02405			1.13	1.22		
1658855303	5421	18370.1			0.04529	0.02517			1.12	1.21		
1658855513	5323.2	18224.1			0.0467	0.02651			1.12	1.2		
1658855722	5141.3	18780.8			0.04836	0.02816			1.12	1.2		
1658855932	4974.3	18764.8			0.04985	0.02965			1.12	1.19		
1658858240	4562.5	17256.8			0.06429	0.04463			1.11	1.14		
1658858449	4655.6	16692			0.06565	0.04607			1.11	1.13		
1658858659	4684.9	15739.3			0.06709	0.04752			1.11	1.13		
1658858869	4673.7	15319.4			0.06835	0.04899			1.11	1.12		
1658859079	4301.8	15087.2			0.06993	0.05063			1.11	1.12		
1658859288	4355.8	14299.2			0.07121	0.0521			1.11	1.12		
1658859498	4285.1	13707.7			0.07265	0.05352			1.11	1.12		
1658859708	4111.4	13235			0.07414	0.05492			1.1	1.11		
1658862015	3415.6	9773.6			0.08734	0.06868			1.09	1.09		
1658862225	3203.8	9639			0.08878	0.06996			1.09	1.09		
1658862435	2969.8	9650.6			0.09075	0.07135			1.1	1.1		
1658862645	2789	9298.5			0.0923	0.07261			1.1	1.1		
1658862854	2661	8893.8			0.09384	0.07413			1.1	1.1		
1658863064	2551.2	8646.5			0.09542	0.07557			1.1	1.1		
1658863274	2366.5	8393.6			0.09693	0.07727			1.1	1.1		
1658863484	2249.9	8021.7			0.09843	0.07854			1.1	1.1		
1658865791	  	  	5914.23139		  	  	0.09278		  	  	1.09	
1658866001	  	  	6683.61675		  	  	0.09588		  	  	1.1	
1658866211	  	  	6076.02188		  	  	0.09704		  	  	1.09	
1658866420	  	  	5925.27902		  	  	0.09853		  	  	1.09	
1658866630	  	  	6078.78579		  	  	0.10006		  	  	1.1	
1658866840	  	  	5501.09821		  	  	0.10118		  	  	1.09	
1658867050	  	  	4910.7171		  	  	0.10236		  	  	1.08	
1658867260	  	  	4787.15965		  	  	0.10374		  	  	1.08	
1658867470	  	  	4921.15824		  	  	0.10534		  	  	1.09	
1658869780	  	  	3811.95409		  	  	0.12001		  	  	1.09	
1658869990	  	  	3531.89984		  	  	0.12132		  	  	1.08	
1658870200	  	  	3409.0824		  	  	0.12269		  	  	1.08	
1658870410	  	  	3224.8753		  	  	0.12432		  	  	1.08	
1658870620	  	  	3310.11646		  	  	0.12555		  	  	1.09	
1658870830	  	  	2985.57781		  	  	0.12649		  	  	1.08	
1658871040	  	  	2938.71918		  	  	0.12803		  	  	1.08	
1658871250	  	  	2786.14252		  	  	0.12952		  	  	1.08	
1658873561	  	  	2287.50703		  	  	0.14335		  	  	1.08	
1658873771	  	  	2265.28553		  	  	0.14407		  	  	1.08	
1658873981	  	  	2127.27232		  	  	0.14479		  	  	1.07	
1658874191	  	  	2105.19876		  	  	0.14528		  	  	1.07	
1658874401	  	  	2116.84838		  	  	0.14549		  	  	1.07	
1658874611	  	  	2063.00255		  	  	0.14597		  	  	1.07	
1658874822	  	  	2004.76432		  	  	0.14634		  	  	1.07	
1658875032	  	  	1948.72255		  	  	0.14676		  	  	1.07	
1658877342	  	  	1276.10693		  	  	0.15141		  	  	1.07	
1658877552	  	  	1187.55515		  	  	0.15153		  	  	1.07	
1658877763	  	  	1175.65206		  	  	0.15197		  	  	1.07	
1658877973	  	  	1130.89461		  	  	0.15234		  	  	1.07	
1658878183	  	  	1070.21033		  	  	0.15236		  	  	1.07	
1658878393	  	  	1066.1704		  	  	0.15266		  	  	1.07	
1658878603	  	  	1033.41121		  	  	0.15295		  	  	1.07	
1658878813	  	  	1052.0533		  	  	0.15289		  	  	1.07	
1658881168	  	  	855.12377		  	  	0.15318		  	  	1.07	
1658881378	  	  	826.81439		  	  	0.15332		  	  	1.07	
1658881588	  	  	814.99423		  	  	0.1532		  	  	1.07	
1658881798	  	  	776.3138		  	  	0.15309		  	  	1.07	
1658882008	  	  	756.15014		  	  	0.1531		  	  	1.07	
1658882218	  	  	722.6737		  	  	0.15322		  	  	1.07	
1658882428	  	  	690.51488		  	  	0.15329		  	  	1.07	
1658882638	  	  	673.65458		  	  	0.15324		  	  	1.07	
1658885157	  	  	510.41861		  	  	0.15304		  	  	1.07	
1658927354	32761.8				0.01811				1.24			
1658927564	33444.4				0.01887				1.24			
1658927773	33776.2				0.0196				1.24			
1658927983	34057.8				0.02029				1.24			
1658928193	33850.8				0.02102				1.24			
1658928403	33276.3				0.02174				1.24			
1658928613	32926.3				0.02239				1.24			
1658928822	32413.7				0.02301				1.24			
1658931130	25320.9				0.02954				1.22			
1658931339	23247.7				0.03023				1.22			
1658931549	25158.2				0.03093				1.22			
1658931760	25031.8				0.03152				1.22			
1658931970	23732.4				0.03212				1.22			
1658932180	20118.2				0.03267				1.22			
1658932390	18443.5				0.03327				1.22			
1658934701	17690.4				0.03861				1.2			
1658934911	17320.2				0.03889				1.2			
1658935120	16010.6				0.03915				1.2			
1658935331	15331.1				0.03933				1.19			
1658935541	14341.9				0.03962				1.19			
1658935751	14020.7				0.03995				1.19			
1658935961	13514.6				0.04015				1.2			
1658936170	12758.5				0.04031				1.19			
1658938481	9247				0.04366				1.19			
1658938691	9105.7				0.04374				1.19			
1658938901	8678.1				0.04411				1.19			
1658939111	8358.6				0.04426				1.19			
1658939321	8112.6				0.04453				1.19			
1658939531	7640				0.04465				1.18			
1658939741	7342.2				0.04512				1.18			
1658939951	7185.9				0.04581				1.18			
1658940161	6928.7				0.04631				1.18			
1658942469	5149.7				0.05107				1.16			
1658942679	4925.6				0.05122				1.16			
1658942889	4769.8				0.05134				1.16			
1658943098	4545.2				0.05155				1.16			
1658943308	4367.4				0.05174				1.16			
1658943518	4185.9				0.05186				1.16			
1658943728	4098.3				0.0521				1.16			
1658943937	3841.4				0.05233				1.16			
1658946247	3070.3				0.05516				1.15			
1658946458	2980.5				0.05519				1.15			
1658946668	2873.7				0.05531				1.15			
1658946878	2809.4				0.05547				1.15			
1658947088	2682.3				0.05558				1.15			
1658947298	2610.9				0.05579				1.15			
1658947508	2510.4				0.05596				1.15			
1658947718	2430.1				0.05619				1.15			
1658950029	1890.8	1138.7			0.05785	0.01626			1.14	1.17		
1658950239	1809.3	1067.9			0.05814	0.01648			1.14	1.17		
1658950448	1740.2	1081.7			0.05838	0.01692			1.14	1.16		
1658950659	1711.9	1142.1			0.05854	0.01736			1.14	1.16		
1658950869	1627.9	1149.3			0.05912	0.01778			1.14	1.16		
1658951079	1586.8	1120.1			0.05957	0.01818			1.14	1.15		
1658951289	1538.7	1111.5			0.06003	0.01868			1.14	1.15		
1658951499	1439.2	1071.5			0.0602	0.01908			1.14	1.15		
1658953830	1071.9	1159			0.06583	0.02626			1.12	1.11		
1658954040	1042.5	1180.3			0.0662	0.02684			1.12	1.11		
1658954250	999	1134.8			0.06671	0.02749			1.12	1.11		
1658954459	977.6	1111.9			0.06715	0.02819			1.12	1.1		
1658954670	949.7	1095.3			0.06742	0.02867			1.12	1.1		
1658954880	899	1102.4			0.06781	0.02905			1.12	1.1		
1658955090	878.7	1068.2			0.06802	0.02946			1.12	1.1		
1658955300	827.8	1021.5			0.06837	0.02985			1.12	1.1		
1658955510	792.9	983.4			0.06891	0.03034			1.11	1.1		
1658957820	597.4	824.4			0.07192	0.03446			1.11	1.09		
1658958030	568.2	826.4			0.07222	0.03485			1.11	1.09		
1658958240	538.6	795.4			0.07225	0.03494			1.11	1.09		
1658958450	532	772.4			0.07262	0.03543			1.11	1.09		
1658958660	506.5	729.6			0.07252	0.03548			1.11	1.09		
1658958869	471.8	707.6			0.07266	0.03568			1.11	1.1		
1658959289	446.2	657.6			0.07323	0.0363			1.11	1.09		
1658961667	322.9	500.4			0.07427	0.03827			1.11	1.09		
1658961877	316.2	477.5			0.07438	0.03841			1.11	1.09		
1658962087	295.2	462.9			0.07449	0.03862			1.1	1.09		
1658962297	291.1	445.8			0.0746	0.03868			1.11	1.09		
1658962507	281.1	433.3			0.07469	0.03881			1.1	1.09		
1658962717	265.9	430.4			0.07455	0.03874			1.1	1.09		
1658962927	253.7	403.8			0.07468	0.03899			1.1	1.09		
1658963137	246.9	383.9			0.07446	0.03902			1.1	1.09		
1658965445	178.5	283.4			0.07462	0.03946			1.1	1.08		
1658965654	167.7	277.1			0.07452	0.03939			1.1	1.09		
1658965864	164.2	263.6			0.07444	0.03936			1.1	1.09		
1658966074	161	264.8			0.07465	0.03928			1.11	1.09		
1658966284	159.6	252.9			0.07438	0.0394			1.1	1.09		
1658966495	154	238.9			0.07456	0.03948			1.11	1.09		
1658966704	144.5	237.6			0.07429	0.03943			1.1	1.09		
1658966915	142	221.9			0.07422	0.03947			1.11	1.09		
1658969225	102.7	172			0.07456	0.03977			1.1	1.09		
1658969435	105.8	177.8			0.07414	0.03966			1.11	1.1		
1658969645	99.7	159.5			0.07456	0.03961			1.11	1.1		
1658969855	96.1	157.8			0.07463	0.03956			1.1	1.1		
1658970065	86.7	147.1			0.07447	0.03953			1.11	1.09		
1658970275	90.8	149.2			0.07427	0.03972			1.12	1.1		
1658970485	87.8	145.5			0.07423	0.03971			1.11	1.1		
1658970694	83.3	133.4			0.07425	0.0395			1.11	1.09		
1658973215	57.5	89.8			0.07432	0.03961			1.1	1.09		
1658973425	58.3	89.8			0.07433	0.0394			1.11	1.09		
1658973635	56.3	85.4			0.07407	0.0396			1.11	1.08		
1658973845	53.2	85.6			0.07374	0.03949			1.1	1.09		
1658974055	50.3	84.8			0.07446	0.03938			1.1	1.1		
1658974265	45.9	81.6			0.0739	0.03951			1.11	1.09		
1658974475	48.3	78.8			0.07405	0.03961			1.11	1.09		
1658974685	44.8	70.1			0.07419	0.03964			1.1	1.09		
1658976996	33	53.2			0.07399	0.03983			1.12	1.1		
1658977206	32.7	53.8			0.07433	0.03985			1.12	1.1		
1658977416	31.5	53.1			0.07414	0.03971			1.12	1.1		
1658977626	30.3	46.3			0.07423	0.0397			1.11	1.08		
1658977836	29.7	47.9			0.07393	0.0398			1.11	1.1		
1658978046	30	44.1			0.0737	0.04019			1.12	1.09		
1658978256	27	49.5			0.074	0.03991			1.11	1.1		
1659012651	32448				0.01446				1.23			
1659012862	34073.6				0.01513				1.24			
1659013071	33658.2				0.01612				1.23			
1659015382	35798.6				0.02472				1.2			
1659015592	35692.8				0.02535				1.2			
1659015802	34952.5				0.02586				1.2			
1659016012	32926.6				0.02663				1.19			
1659016222	32816.9				0.02716				1.19			
1659016432	33443.2				0.02794				1.19			
1659016642	31368.3				0.02846				1.19			
1659016852	29153.3				0.02898				1.18			
1659019162	24993.1				0.03507				1.19			
1659019372	24384				0.03552				1.19			
1659019582	23817.6				0.03594				1.19			
1659019791	23105.9				0.03628				1.19			
1659020001	21802.1				0.03676				1.19			
1659020212	21186.7				0.03701				1.19			
1659020422	20435.1				0.03749				1.19			
1659020632	20247.8				0.03785				1.19			
1659023152	15164.9				0.04213				1.19			
1659023362	14947.2				0.04257				1.19			
1659023572	14570.2				0.04282				1.19			
1659023782	13535.8				0.04329				1.19			
1659023992	13216.6				0.04375				1.19			
1659024202	12625.1				0.04408				1.19			
1659024412	12104.4				0.04433				1.19			
1659024622	11898.6				0.04412				1.19			
1659027140	9563.5				0.04642				1.18			
1659027350	8437.3				0.04564				1.19			
1659027560	7840.2				0.04595				1.18			
1659027770	7902.8				0.04662				1.19			
1659027980	7357.6				0.04614				1.18			
1659028190	6975.3				0.047				1.18			
1659028399	7113.2				0.04662				1.19			
1659030708	5272				0.05193				1.18			
1659030918	5169.1				0.05182				1.18			
1659031128	4948.8				0.05189				1.19			
1659031338	4929.1				0.05161				1.18			
1659031547	4842				0.05157				1.19			
1659031757	4343.9				0.05308				1.18			
1659031967	4255.3				0.05331				1.18			
1659032178	4286				0.05327				1.19			
1659034699	2666.4				0.05868				1.17			
1659034908	2696.3				0.05853				1.18			
1659035118	2342.1				0.05978				1.16			
1659035328	2422.7				0.05966				1.18			
1659035538	2183.2				0.06064				1.17			
1659035748	2194.1				0.06036				1.17			
1659035958	2091.7				0.06048				1.17			
1659036168	2040				0.06056				1.17			
1659038476	1417.8				0.06225				1.16			
1659038686	1414.1				0.06219				1.17			
1659038895	1218.2				0.06264				1.14			
1659039105	1160.1				0.06287				1.14			
1659039315	1138.7				0.06345				1.14			
1659039525	1092.2				0.06343				1.14			
1659039735	1027.9				0.06369				1.14			
1659039944	994				0.06393				1.14			
1659042252	722.1	111.5			0.06577	0.017			1.14	1.12		
1659042462	716	110.9			0.06579	0.01747			1.14	1.12		
1659042882	641.2	105.1			0.06658	0.0182			1.14	1.12		
1659043092	603.3	114.1			0.06727	0.01858			1.14	1.12		
1659043302	611.5	115.8			0.06732	0.01917			1.14	1.12		
1659043721	538.6	108.7			0.0681	0.01996			1.14	1.12		
1659046593	365.1	112.9			0.06972	0.02317			1.13	1.12		
1659046803	344.1	117.3			0.0697	0.02306			1.14	1.12		
1659047013	321.8	103.6			0.07012	0.02344			1.13	1.12		
1659047223	301.4	104.5			0.07004	0.02337			1.13	1.12		
1659047433	302	94.7			0.07022	0.02384			1.13	1.12		
1659047643	283.2	94.7			0.07072	0.0241			1.13	1.12		
1659049952	203.4	79.7			0.07101	0.02591			1.14	1.12		
1659050162	  	77.8			  	0.02613			  	1.11		
1659050372	  	67.9			  	0.02619			  	1.12		
1659050792	  	68.5			  	0.02632			  	1.11		
1659051002	  	62			  	0.02664			  	1.12		
1659051212	  	62.3			  	0.02637			  	1.12		
1659051422	  	62.2			  	0.02668			  	1.12		
1659053942	  	59.5			  	0.02605			  	1.12		
1659054782	  	48.4			  	0.02674			  	1.11		
1659055412	  	42.3			  	0.02668			  	1.12		
1659057932	  	37.7			  	0.02662			  	1.12		
1659101137	5084.4				0.01338				1.15			
1659101347	4852.5				0.01386				1.13			
1659103656	8105.7				0.01666				1.2			
1659103866	9863.3				0.01679				1.2			
1659104076	9335.7				0.01687				1.2			
1659104286	8877.6				0.01705				1.2			
1659104496	8751.4				0.01726				1.2			
1659104705	8293				0.01757				1.2			
1659104915	8090.1				0.01769				1.2			
1659105335	7687.8				0.01821				1.21			
1659107643	7956.8				0.0232				1.19			
1659107852	7792.8				0.0236				1.18			
1659108062	7794.5				0.02419				1.18			
1659108272	7923.9				0.02481				1.18			
1659108482	7687.2				0.02518				1.18			
1659108691	7309.3				0.02565				1.17			
1659108901	7013.6				0.02621				1.17			
1659109111	6945.6				0.02675				1.16			
1659111418	5222				0.02964				1.15			
1659111628	5032.7				0.02988				1.14			
1659111837	4851.5				0.02994				1.14			
1659112047	4660.9				0.03014				1.16			
1659112257	4469.1				0.03043				1.15			
1659112466	4389.8				0.03054				1.15			
1659112676	4233.4				0.03083				1.14			
1659112886	4116				0.03119				1.14			
1659115194	3303.5				0.03516				1.13			
1659115404	3152				0.03544				1.13			
1659115613	3046.5				0.03556				1.13			
1659115823	2917.6				0.03568				1.12			
1659116033	2567.1				0.03579				1.12			
1659116243	2529.2				0.03574				1.13			
1659116453	2563.1				0.03581				1.12			
1659116663	2451				0.03581				1.12			
1659116874	2339.9				0.03605				1.12			
1659117084	2273.2				0.03608				1.12			
1659119394	1776.8				0.03758				1.12			
1659119604	1680.1				0.03774				1.14			
1659119814	1619.3				0.03784				1.14			
1659120024	1543.1				0.0381				1.13			
1659120234	1493.4				0.03817				1.13			
1659120444	1449.4				0.03857				1.12			
1659120654	1397.6				0.03888				1.12			
1659120864	1340.2				0.03924				1.12			
1659123174	1012.8	642.3			0.04346	0.01398			1.12	1.13		
1659123383	964.6	649.7			0.0435	0.0139			1.11	1.14		
1659123593	923.5	661.4			0.04338	0.01388			1.12	1.13		
1659123803	889.4	644.2			0.04329	0.01383			1.12	1.13		
1659124013	856.7	603.6			0.04342	0.01392			1.12	1.14		
1659124222	797.5	559.4			0.04358	0.01395			1.11	1.14		
1659124432	770.1	537.9			0.04333	0.01398			1.12	1.13		
1659124642	750.5	536.2			0.04338	0.014			1.12	1.13		
1659127370	584.4	386.8			0.04624	0.01823			1.1	1.13		
1659127580	544.8	334.5			0.04668	0.01861			1.11	1.14		
1659127789	406.1	340.7			0.04694	0.01895			1.11	1.16		
1659127999	414.7	360.9			0.04707	0.01929			1.1	1.13		
1659128209	374.1	327.7			0.04753	0.01959			1.1	1.15		
1659128419	356.9	336.4			0.04747	0.01991			1.11	1.14		
1659128629	356.2	320.1			0.04782	0.02019			1.1	1.12		
1659130939	339	265.6	132.16705		0.04893	0.02175	0.01463		1.1	1.1	1.1	
1659131149	229.7	242.7	128.82744		0.04896	0.02193	0.01454		1.1	1.1	1.1	
1659131360	227.2	223.2	119.22224		0.04901	0.02202	0.01478		1.1	1.1	1.09	
1659131570	220.3	225.4	122.20025		0.04912	0.02209	0.01489		1.1	1.1	1.09	
1659131781	199.4	206.3	114.18793		0.04932	0.02234	0.01478		1.1	1.1	1.1	
1659131991	191.4	212.8	113.62977		0.04943	0.02258	0.0152		1.09	1.1	1.1	
1659132412	180.8	194.5	107.79333		0.04988	0.02292	0.01524		1.09	1.1	1.1	
1659134934	133.9	152.4	116.83568		0.05154	0.02585	0.0184		1.1	1.09	1.1	
1659135827	98.7	137.4	106.90558		0.05171	0.02621	0.01857		1.09	1.09	1.1	
1659136247	97.9	125.7	105.90626		0.05196	0.02648	0.01882		1.1	1.09	1.1	
1659138560	95.7	86.1	93.77719		0.05243	0.02737	0.01927		1.1	1.09	1.1	
1659138771	65.9	74.5	80.88868		0.0518	0.02738	0.01919		1.1	1.08	1.1	
1659138981	56.8	82.8	81.6761		0.05238	0.02741	0.01909		1.1	1.09	1.1	
1659139191	51.9	83.4	77.15928		0.05285	0.02739	0.01906		1.09	1.1	1.1	
1659139402	48.3	73.1	75.71543		0.05242	0.02732	0.01914		1.1	1.09	1.1	
1659139612	46.5	73.5	75.28362		0.05257	0.02753	0.01938		1.1	1.1	1.1	
1659139823	46.7	66.5	74.92398		0.05255	0.02754	0.01955		1.09	1.08	1.1	
1659140033	42.6	63.5	65.941		0.05272	0.02762	0.01954		1.1	1.09	1.1	
1659197232	1387.7				0.01799				1.17			
1659197442	1376.9				0.01824				1.17			
1659197652	1276				0.01842				1.17			
1659197862	1292.5				0.01853				1.17			
1659198071	1285.3				0.01867				1.17			
1659198281	1281.2				0.01881				1.17			
1659198491	1203.8				0.01882				1.17			
1659198700	1170.6				0.01909				1.17			
1659201008	1076.5				0.02176				1.16			
1659201218	1026.7				0.02208				1.16			
1659201637	953.2				0.02266				1.14			
1659201847	945.4				0.02305				1.14			
1659202057	897.1				0.02353				1.14			
1659202267	904.2				0.02396				1.14			
1659202476	895.2				0.02434				1.14			
1659204787	741.6				0.0276				1.12			
1659204997	733.4				0.02783				1.12			
1659205207	699.3				0.02802				1.12			
1659205417	687				0.02819				1.12			
1659205627	688				0.0284				1.12			
1659205837	663.2				0.02869				1.12			
1659206047	632.8				0.02938				1.13			
1659206257	572.9				0.02952				1.13			
1659208568		2125.8				0.01422				1.16		
1659208778		2186				0.01428				1.16		
1659208988		2155.4				0.01466				1.16		
1659209198		2405.5				0.01456				1.18		
1659209408		2381.1				0.01462				1.18		
1659209618		2396.8				0.01512				1.18		
1659209828		2396.1				0.01555				1.18		
1659210038		2381				0.0158				1.18		
1659212558		2057.8				0.0187				1.16		
1659212769		2027.9				0.01897				1.16		
1659212979		2039.9				0.01931				1.17		
1659213189		1959.9				0.01961				1.16		
1659213398		1974.6				0.02007				1.16		
1659213608		1841				0.0203				1.15		
1659214028		1881.5				0.02092				1.17		
1659216335		1434.9				0.02347				1.13		
1659216545		1427.3				0.02373				1.14		
1659216965		1373.3				0.02416				1.14		
1659217174		1282.6				0.02426				1.13		
1659217384		1213.5				0.02445				1.13		
1659217594		1160.4				0.02464				1.12		
1659217804		1166.6				0.02478				1.13		
1659220425		825.5				0.02597				1.12		
1659220634		802.9				0.026				1.12		
1659220844		736.8				0.02611				1.11		
1659221054		688				0.02621				1.11		
1659221264		696.9				0.02629				1.13		
1659221474		658.1				0.0264				1.12		
1659221684		667				0.02653				1.13		
1659223994		408				0.02681				1.11		
1659224204		394.7				0.02678				1.11		
1659224414		376.2				0.02677				1.11		
1659224624		351.5				0.02676				1.11		
1659224834		336.4				0.02687				1.11		
1659225044		351.4				0.02686				1.12		
1659225254		310.9				0.02679				1.11		
1659225464		293.1				0.02675				1.11		
1659227774		210				0.02662				1.12		
1659227984		185.5				0.02665				1.1		
1659228194		194.9				0.02656				1.11		
1659228403		190.4				0.02645				1.13		
1659228613		168.9				0.02638				1.12		
1659228823		163.1				0.0267				1.12		
1659229033		142.7				0.02651				1.11		
1659229243		145				0.02648				1.12		
1659231764		103				0.02647				1.11		
1659231974		99				0.02654				1.12		
1659232185		101				0.02628				1.12		
1659274036	13736.7				0.0156				1.2			
1659274246	13601				0.01613				1.2			
1659274456	13228.1				0.01651				1.2			
1659274666	13149.2				0.01695				1.2			
1659274875	13495.3				0.01734				1.2			
1659275086	13736.5				0.01777				1.2			
1659275296	13763.2				0.01809				1.21			
1659277606	11988.2				0.0224				1.2			
1659277816	11795.2				0.02275				1.2			
1659278027	11631.5				0.02301				1.2			
1659278236	11396.9				0.02358				1.19			
1659278446	10848.2				0.02394				1.19			
1659278656	10456.4				0.02426				1.19			
1659278866	10260.2				0.02459				1.2			
1659279076	8946.5				0.02516				1.17			
1659281593	7577.6				0.02845				1.18			
1659281803	7357.5				0.02864				1.17			
1659282013	7500.4				0.02893				1.19			
1659282223	6955.6				0.02906				1.18			
1659282433	6882				0.02946				1.18			
1659282643	6594.8				0.02943				1.18			
1659282854	6098.6				0.03025				1.17			
1659283064	6138.6				0.03028				1.18			
1659285373	4921.9				0.0341				1.17			
1659285583	4880				0.03439				1.17			
1659285793	4640				0.03481				1.16			
1659286003	4480.9				0.03517				1.16			
1659286213	4449.8				0.03557				1.16			
1659286423	4329.7				0.03585				1.16			
1659286633	4121.3				0.03632				1.16			
1659286843	3995.9				0.03678				1.16			
1659289153	3541.2				0.04075				1.14			
1659289363	3448.7				0.04098				1.14			
1659289573	3358.5				0.04138				1.14			
1659289783	3320.7				0.04154				1.14			
1659289993	3249				0.04189				1.14			
1659290203	3133				0.04203				1.14			
1659290413	3038.5				0.04263				1.14			
1659290623	2936.2				0.04305				1.14			
1659292934	2054.7				0.04631				1.12			
1659293144	2024.3				0.04655				1.12			
1659293354	1988				0.04681				1.12			
1659293564	1930.1				0.04711				1.12			
1659293774	1815.4				0.04736				1.12			
1659293984	1793				0.04762				1.12			
1659294194	1765.8				0.04785				1.12			
1659296924	1445.7				0.05002				1.12			
1659297134	1347				0.05101				1.12			
1659297344	1354.4				0.0504				1.12			
1659297555	1214.3				0.05133				1.12			
1659297765	1187.2				0.05155				1.12			
1659297975	1169				0.05188				1.12			
1659298185	1104.2				0.05194				1.12			
1659298395	1051.6				0.05238				1.12			
1659300704	881				0.05316				1.12			
1659300914	772.1				0.05451				1.12			
1659301124	730.9				0.05481				1.12			
1659301334	722.9				0.05473				1.12			
1659301543	684.1				0.05494				1.12			
1659301753	613.7				0.05562				1.11			
1659301963	645.2				0.05505				1.12			
1659302173	554.1				0.0559				1.11			
1659304480	529.3				0.05556				1.14			
1659304899	449.6				0.05657				1.13			
1659305109	462.9				0.05622				1.15			
1659305318	411.3				0.05665				1.13			
1659305528	406.2				0.05654				1.14			
1659305738	389.9				0.05688				1.14			
1659305947	328				0.05712				1.11			
1659308255	277				0.05752				1.12			
1659308465	257.8				0.05759				1.12			
1659308675	233.8				0.05778				1.11			
1659308885	219.8				0.058				1.11			
1659309095	230.2				0.0567				1.12			
1659309305	221.3				0.05717				1.12			
1659309515	213				0.05695				1.12			
1659309935	190.1				0.05721				1.12			
1659312246	130.2				0.05737				1.12			
1659362230	15920		  	  	0.01895		  	  	1.19		  	  
1659362440	15599.4		  	  	0.01937		  	  	1.2		  	  
1659362649	15679.3		  	  	0.01969		  	  	1.2		  	  
1659362859	15298.3		  	  	0.02012		  	  	1.2		  	  
1659363069	15178		  	  	0.0205		  	  	1.2		  	  
1659363279	14779.2		  	  	0.021		  	  	1.2		  	  
1659363488	14429.2		  	  	0.02143		  	  	1.19		  	  
1659367058	10313.6		  	  	0.02656		  	  	1.19		  	  
1659369790	8096.6		  	  	0.03073		  	  	1.17		  	  
1659370000	7760.7		  	  	0.03112		  	  	1.17		  	  
1659370211	7417.5		  	  	0.03138		  	  	1.17		  	  
1659370421	7178.2		  	  	0.03161		  	  	1.17		  	  
1659370631	7092.9		  	  	0.03185		  	  	1.17		  	  
1659370841	6855.6		  	  	0.03205		  	  	1.17		  	  
1659371051	6381.7		  	  	0.03239		  	  	1.17		  	  
1659371261	6121.1		  	  	0.03249		  	  	1.17		  	  
1659373574	4306.2		  	  	0.03383		  	  	1.17		  	  
1659373784	4388.5		  	  	0.03385		  	  	1.17		  	  
1659373994	4337.6		  	  	0.03411		  	  	1.17		  	  
1659374204	4221		  	  	0.03461		  	  	1.17		  	  
1659374414	4008.9		  	  	0.03497		  	  	1.17		  	  
1659374624	3964.8		  	  	0.03576		  	  	1.17		  	  
1659374834	3837		  	  	0.03571		  	  	1.17		  	  
1659375045	3717.4		  	  	0.03611		  	  	1.17		  	  
1659377357	2777.8		  	  	0.03819		  	  	1.17		  	  
1659377567	2640.9		  	  	0.03818		  	  	1.17		  	  
1659377778	2589.8		  	  	0.03807		  	  	1.17		  	  
1659377988	2426.7		  	  	0.03828		  	  	1.17		  	  
1659378198	2296.7		  	  	0.03875		  	  	1.17		  	  
1659378409	2246.6		  	  	0.03835		  	  	1.17		  	  
1659378619	2133.2		  	  	0.03852		  	  	1.17		  	  
1659378829	1938.5		  	  	0.03863		  	  	1.16		  	  
1659381141	1620.8		  	  	0.04079		  	  	1.17		  	  
1659381351	1585.7		  	  	0.04103		  	  	1.17		  	  
1659381561	1533.5		  	  	0.04156		  	  	1.16		  	  
1659381771	1554.6		  	  	0.04202		  	  	1.15		  	  
1659381981	1447.8		  	  	0.04265		  	  	1.16		  	  
1659382192	1358.8		  	  	0.04325		  	  	1.15		  	  
1659385135	985.6		  	  	0.05001		  	  	1.14		  	  
1659385345	965.3		  	  	0.05021		  	  	1.15		  	  
1659385555	926.3		  	  	0.05064		  	  	1.15		  	  
1659385765	856.5		  	  	0.05064		  	  	1.14		  	  
1659385976	827		  	  	0.05075		  	  	1.14		  	  
1659386186	773.4		  	  	0.05112		  	  	1.12		  	  
1659386396	763.5		  	  	0.05128		  	  	1.14		  	  
1659386606	732.3		  	  	0.05167		  	  	1.14		  	  
1659388919	543.9		  	  	0.05278		  	  	1.14		  	  
1659389130	492.2		  	  	0.05307		  	  	1.14		  	  
1659389340	486.3		  	  	0.05289		  	  	1.14		  	  
1659389550	444.8		  	  	0.05326		  	  	1.12		  	  
1659389760	422.8		  	  	0.05351		  	  	1.13		  	  
1659389971	416.7		  	  	0.0534		  	  	1.14		  	  
1659390181	403.6		  	  	0.05357		  	  	1.14		  	
1659390391	380.4		  	  	0.05374		  	  	1.13		  	  
1659392703	276.7		  	  	0.05467		  	  	1.13		  	  
1659392914	268.6		  	  	0.05483		  	  	1.13		  	  
1659393124	262.4		  	  	0.05481		  	  	1.14		  	  
1659393334	238.9		  	  	0.05502		  	  	1.13		  	  
1659393544	238.2		  	  	0.05466		  	  	1.14		  	  
1659393754	210		  	  	0.05575		  	  	1.12		  	  
1659393965	215.1		  	  	0.055		  	  	1.14		  	  
1659394175	198.2		  	  	0.05561		  	  	1.13		  	  
1659396487	133.1		  	  	0.05562		  	  	1.12		  	  
1659396697	143.3		  	  	0.0552		  	  	1.14		  	  
1659396907	120.4		  	  	0.05589		  	  	1.13		  	  
1659397117	109.5		  	  	0.05586		  	  	1.12		  	  
1659397327	114.9		  	  	0.05586		  	  	1.14		  	  
1659397538	105.8		  	  	0.05542		  	  	1.13		  	  
1659397748	107.1		  	  	0.0553		  	  	1.14		  	  
1659397958	91.7		  	  	0.05543		  	  	1.13		  	  
1659398168	86.4		  	  	0.05546		  	  	1.13		  	  
1659400479	64.7		  	  	0.05554		  	  	1.14		  	  
1659400689	52.7		  	  	0.05614		  	  	1.11		  	  
1659400900	55.7		  	  	0.05546		  	  	1.11		  	  
1659401110	54.6		  	  	0.05532		  	  	1.12		  	  
1659401320	51.5		  	  	0.05532		  	  	1.13		  	  
1659401530	45		  	  	0.05514		  	  	1.13		  	  
1659401740	48.3		  	  	0.05572		  	  	1.13		  	  
1659401950	47		  	  	0.05532		  	  	1.14		  	  
1659404261	31.3		  	  	0.05508		  	  	1.12		  	  
1659404471	29.7		  	  	0.05514		  	  	1.12		  	  
1659404681	26.6		  	  	0.05661		  	  	1.1		  	  
1659405102	25.9		  	  	0.05509		  	  	1.12		  	  
1659405312	24.2		  	  	0.05639		  	  	1.13		  	  
1659405522	21.1		  	  	0.05578		  	  	1.09		  	  
1659405732	22.2		  	  	0.05622		  	  	1.11		  	  
1659408044	19.2		  	  	0.0563		  	  	1.14		  	  
1659408255	12.8		  	  	0.05681		  	  	1.11		  	  
1659408465	13.8		  	  	0.05559		  	  	1.13		  	  
1659409094	14.7		  	  	0.0546		  	  	1.15		  	  
1659447094	14773.9				0.01648				1.21			
1659447304	14839.9				0.01698				1.21			
1659447514	14683				0.01743				1.21			
1659447724	14736.7				0.01791				1.21			
1659447933	14561.1				0.0183				1.21			
1659450241	13570.4				0.02286				1.21			
1659450451	13417.1				0.02329				1.21			
1659450661	13325.4				0.02356				1.21			
1659450871	12876.1				0.02384				1.21			
1659451080	12446				0.02426				1.21			
1659451291	11946.4				0.02469				1.21			
1659451500	11622.7				0.02511				1.21			
1659451710	11185.7				0.02549				1.21			
1659454022	9439.5				0.03029				1.19			
1659454232	9141.1				0.03055				1.19			
1659454442	8286.6				0.03099				1.17			
1659454652	8069.3				0.03151				1.17			
1659454862	7554.7				0.03201				1.16			
1659455072	7343				0.03231				1.16			
1659455282	6991.1				0.03266				1.16			
1659455492	6843.9				0.03298				1.16			
1659455702	6783.3				0.03328				1.16			
1659458014	5112.3				0.03731				1.14			
1659458224	4686.6				0.03749				1.15			
1659458434	4436.6				0.03794				1.14			
1659458645	4262.5				0.03829				1.14			
1659458855	4306.6				0.03856				1.15			
1659459065	4172.1				0.03897				1.15			
1659459275	3928				0.0393				1.14			
1659459486	3858.6				0.03967				1.14			
1659461797	3153.5				0.04277				1.14			
1659462007	2878.6				0.04288				1.13			
1659462218	2784.8				0.04309				1.13			
1659462428	2756.8				0.04306				1.14			
1659462638	2557				0.0433				1.13			
1659462848	2471.5				0.04338				1.13			
1659463059	2459.4				0.04352				1.14			
1659463269	2280.6				0.04391				1.13			
1659465581	1661.5				0.04537				1.13			
1659465791	1602.9				0.04565				1.13			
1659466001	1567.7				0.04589				1.13			
1659466211	1492.4				0.04615				1.13			
1659466421	1361.4				0.04628				1.13			
1659466632	1281.6				0.04674				1.12			
1659466842	1313.1				0.04718				1.13			
1659467052	1213.8				0.04764				1.12			
1659469574	874.5				0.05086				1.12			
1659469785	790.7				0.05082				1.12			
1659469995	754.1				0.05103				1.12			
1659470205	734.1				0.05105				1.12			
1659470415	671.6				0.05125				1.11			
1659470625	672.9				0.05136				1.12			
1659470835	635.2				0.05149				1.12			
1659471046	627.3				0.05178				1.12			
1659474199	382.6	1736.2			0.05683	0.0141			1.11	1.2		
1659477142	278.2	1766.9			0.05909	0.01806			1.12	1.17		
1659477353	242.6	1630			0.05979	0.01842			1.1	1.15		
1659477773	256.8	1281.5	1210.94257		0.05916	0.01979	0.01334		1.13	1.13	1.14	
1659477983	208.1	1266.1	1254.26366		0.06009	0.01987	0.01344		1.1	1.13	1.14	
1659478193	198.7	1258.5	1273.2134		0.06009	0.02002	0.01346		1.1	1.13	1.14	
1659478404	204.2	1295.2	1304.12237		0.05973	0.02018	0.01345		1.11	1.14	1.14	
1659478614	195.5	1194.9	1351.91005		0.06025	0.02049	0.0137		1.11	1.13	1.14	
1659480926	133.4	989.3	1281.55882		0.06104	0.02225	0.01524		1.11	1.13	1.14	
1659481136	143.9	884.7	1219.71663		0.06047	0.02252	0.01539		1.12	1.12	1.14	
1659481346	118.8	899.6	1241.21035		0.06163	0.02247	0.0154		1.11	1.13	1.14	
1659481556	119.8	884.6	1200.58348		0.06122	0.0226	0.01553		1.12	1.13	1.14	
1659481767	110.7	864.1	1119.26906		0.06108	0.0227	0.01572		1.11	1.13	1.14	
1659481977	108.3	844.8	1070.99303		0.06112	0.02271	0.01568		1.12	1.14	1.14	
1659482187	96.3	851.9	1078.72429		0.06213	0.02292	0.01559		1.1	1.16	1.16	
1659484710		510.8	768.64969			0.02395	0.0165			1.14	1.18	
1659484920		495.7	803.34099			0.02402	0.01657			1.13	1.17	
1659485130		555.6	762.45141			0.02397	0.01642			1.16	1.18	
1659485340		449.3	729.18998			0.02411	0.01688			1.13	1.17	
1659485550		418.6	756.05576			0.02424	0.01667			1.13	1.18	
1659485760		409.3	716.47025			0.02417	0.01655			1.15	1.19	
1659486181		373.6	678.32503			0.02416	0.01672			1.14	1.19	
1659488702		238.7	452.09093			0.0241	0.01665			1.14	1.2	
1659488913		238	396.78201			0.02404	0.01661			1.14	1.18	
1659489333		217.9	396.20719			0.02407	0.01651			1.14	1.2	
1659489543		201.9	364.26964			0.02407	0.01672			1.14	1.19	
1659490173		162.4	329.27951			0.02411	0.01677			1.13	1.2	
1659492485		121.7	225.31049			0.02453	0.01695			1.15	1.2	
1659493115		95.9	210.41515			0.0247	0.01725			1.13	1.2	
1659493955		86.4	149.99657			0.02465	0.01724			1.12	1.17	
1659496543		52.9	120.94151			0.02527	0.01754			1.12	1.2	
1659543005	908.5				0.02109				1.13			
1659543216	934.4				0.02138				1.13			
1659543427	1047.4				0.02133				1.15			
1659545744	1102.8				0.02389				1.15	1.23		
1659545954	1017.8				0.02395				1.15	1.22		
1659546165	1012.4				0.02401				1.16	1.22		
1659546376	1031.5				0.02397				1.16	1.22		
1659546586	993.6				0.02428				1.16	1.22		
1659546797	959.6				0.02431				1.15	1.23		
1659547008	943.7				0.02429				1.16	1.23		
1659547218	943.4				0.02432				1.16	1.23		
1659549675	713				0.02601				1.14	1.22		
1659549886	682.7	1177.7			0.02619	0.01524			1.14	1.22		
1659550307	688.3	1140.6			0.02664	0.01563			1.14	1.21		
1659550517	635.4	1067			0.02684	0.01593			1.14	1.2		
1659550728	632.2	1042.6			0.02697	0.01614			1.14	1.19		
1659550938	625.7	1061.6			0.02728	0.01645			1.13	1.19		
1659553463	431.2	950.7			0.03116	0.01986			1.11	1.2		
1659553674	434.2	970.5			0.0315	0.02037			1.11	1.19		
1659554515	469.9	967.1			0.03247	0.02168			1.13	1.15		
1659554726	462.1	961			0.03298	0.02214			1.13	1.15		
1659557251	296.5	864			0.0369	0.02602			1.1	1.14		
1659557461	308.7	823.7			0.03733	0.02634			1.11	1.14		
1659557672	318.9	809.5			0.03762	0.02674			1.13	1.14		
1659557882	312.6	811.4	214.2733		0.03807	0.02724	0.01377		1.13	1.14	1.10883	
1659558092	221.2	817.4	333.26443		0.03881	0.02775	0.01359		1.09	1.15	1.12	
1659558303	259.1	784.3	383.37735		0.03908	0.02807	0.01374		1.11	1.14	1.11468	
1659558513	290.4	734.2	525.96369		0.03922	0.02844	0.01377		1.13	1.13	1.13349	
1659558724	252.8	755.5	656.60527		0.03983	0.0289	0.0138		1.13	1.14	1.12771	
1659561038	189.4	613.8	1395.97882		0.04279	0.03197	0.01603			1.13	1.15	
1659561248		575.6	1362.18924			0.03199	0.01605			1.12	1.15	
1659561459		561.3	1285.23954			0.0323	0.01616			1.12	1.15	
1659561670		536.5	1284.17505			0.03227	0.01645			1.13	1.15	
1659561880		513.3	1280.46848			0.03242	0.01658			1.12	1.15	
1659562091		475.4	1241.16899			0.03247	0.01663			1.11	1.15	
1659562302		496.8	1235.23475			0.03277	0.01683			1.12	1.15	
1659562512		467.2	1118.95149			0.03285	0.01696			1.12	1.15	
1659565040		344.3	968.83231			0.0346	0.0193			1.12	1.14353	
1659565251		335.8	957.21488			0.03465	0.01928			1.11	1.14994	
1659565462		301	926.5226			0.03454	0.01949			1.11	1.14978	
1659565672		292.9	922.61292			0.03461	0.01961			1.11	1.14605	
1659565883		273	884.04074			0.0347	0.01964			1.11	1.14956	
1659566094		263.3	837.68291			0.03465	0.01985			1.11	1.1489	
1659566304		244.6	832.39888			0.03471	0.01981			1.11	1.14862	
1659566515		239	815.70642			0.03486	0.01989			1.11	1.14975	
1659568833		168.7	631.51096			0.03545	0.0206			1.11	1.14992	
1659569044		170.1	602.87894			0.03552	0.02073			1.11	1.14497	
1659569254		172.7	553.33355			0.03567	0.02077			1.11	1.14757	
1659569465		164	535.84732			0.03584	0.02084			1.12	1.14974	
1659569676		140.9	519.44997			0.0355	0.02071			1.11	1.14436	
1659569886		132.5	483.08119			0.03546	0.02082			1.11	1.14935	
1659570097		144.8	466.50314			0.03566	0.0206			1.12	1.15	
1659570308		138.6	443.07982			0.03576	0.02078			1.11	1.15	
1659572625		88.8	295.84093			0.03513	0.0207			1.11	1.15	
1659572836		79.7	294.65291			0.03509	0.02062			1.12	1.14662	
1659573046		77.2	288.04209			0.0351	0.02047			1.13	1.15	
1659573257		74.9	252.89912			0.03516	0.02058			1.11	1.15	
1659573468		68	243.65018			0.0351	0.02053			1.11	1.15	
1659573678		66.5	225.92872			0.03505	0.02065			1.11	1.14566	
1659626985	958.1				0.01613				1.18	  		
1659627196	929.8				0.0164				1.18	  		
1659627407	971.2				0.01651				1.18	  		
1659627617	961				0.01676				1.18	  		
1659627828	992.7				0.01701				1.18	  		
1659630146	1020.2				0.02029				1.16	  		
1659630356	892.7				0.0209				1.13	  		
1659630567	870.1				0.02097				1.13	  		
1659630778	881				0.02122				1.13	  		
1659630989	903				0.0214				1.13	  		
1659631199	888.3				0.02174				1.13	  		
1659631410	872.7				0.02197				1.13	  		
1659631621	856.6				0.02228				1.13	  		
1659633938	856.9				0.02462				1.13	  		
1659634149	777.7				0.02499				1.11	  		
1659634360	814.3				0.02507				1.12	  		
1659634570	821.7				0.02514				1.13	  		
1659634781	816				0.02537				1.13	  		
1659634992	818.1				0.02567				1.13	  		
1659635203	787				0.02574				1.13	  		
1659635413	754.5				0.02576				1.13	  		
1659637942	547				0.02736				1.11	  		
1659638153	534.7				0.02767				1.11	  		
1659638363	550.7				0.02754				1.12	  		
1659638574	555.1				0.0277				1.12	  		
1659638785	576.4				0.0277				1.13	  		
1659638995	538.1				0.02823				1.11	  		
1659639206	494.6				0.02823				1.11	  		
1659639417	464.7				0.02874				1.11	  		
1659641734	448.7				0.03075				1.13	  		
1659641945	450.9				0.03108				1.13	  		
1659642156	391.1				0.0317				1.11	  		
1659642367	419				0.0315				1.12	  		
1659642577	391.4				0.03195				1.12	  		
1659642788	397.9				0.03211				1.13	  		
1659642999	389.2				0.03222				1.13	  		
1659643209	319.8				0.03263				1.1	  		
1659645526	344.6				0.03273				1.15	  		
1659711079	648.5				0.01435				1.16			
1659711290	689.4				0.01457				1.17			
1659711501	804.9				0.01458				1.2			
1659711711	791.2				0.01501				1.18			
1659711922	872.3				0.01479				1.21			
1659712133	853.5				0.01517				1.2			
1659714661	1164				0.01785				1.22			
1659715083	1160.9				0.01816				1.23			
1659715293	1024.8				0.01825				1.22			
1659715794	984.8				0.01832				1.22			
1659716114	918.8				0.01844				1.22			
1659718680	640.9				0.01867				1.23			
1659719001	577.4				0.01856				1.22			
1659719642	484				0.01877				1.22			
1659719963	457.2				0.01865				1.22			
1659722529	342				0.01936				1.22			
1659722850	323.1				0.01967				1.21			
1659723491	254				0.01922				1.18			
1659726378	189.6				0.02197				1.18			
1659726699	122.8				0.02334				1.12			
1659727340	149.3				0.02263				1.16			
1659730328	100.4				0.02433				1.14			
1659730648	120.3				0.02375				1.16			
1659731290	103.8				0.0246				1.16			
1659734497	53.1				0.02503				1.15			
1659738023	42.9				0.02706				1.15			
1659804791	2103.6				0.01565				1.07			
1659805111	2316.6				0.01579				1.07			
1659805753	2807.8				0.01699				1.06			
1659806073	3033.9				0.01744				1.06			
1659808638	4111.8	8295.1			0.03168	0.01762			1.19	1.4		
1659808958	4384	9166.4			0.03331	0.01874			1.18	1.36		
1659809599	3826.7	10223.8			0.03616	0.02136			1.17	1.34		
1659812484	2528	10357.4			0.04591	0.03039			1.13	1.25		
1659812804	2429.7	9917.4			0.04651	0.0311			1.13	1.25		
1659813445	2131.9	9034.1			0.0479	0.0326			1.12	1.24		
1659813766	2105.2	8451.7			0.0482	0.0329			1.12	1.23		
1659816330	1446.5	5982.5			0.04977	0.03463			1.12	1.23		
1659816651	1496.3	5653.3			0.04968	0.03464			1.13	1.23		
1659820180	1087.6	3251.3			0.05163	0.03689			1.13	1.2		
1659820501	1007.6	3140.3			0.05197	0.03724			1.12	1.19		
1659821143	789.4	2980.3			0.05287	0.03818			1.12	1.21		
1659821463	870.4	2725.6			0.05268	0.03813			1.12	1.19		
1659824030	661.4	2052.5			0.05411	0.0396			1.12	1.18		
1659824351	646.3	1915			0.05386	0.0395			1.12	1.18		
1659824992	594.1	1633.5			0.05366	0.03952			1.12	1.18		
1659825313	474.9	1636.8			0.05419	0.03995			1.12	1.18		
1659827879	404.5	1095.5			0.05369	0.03972			1.13	1.18		
1659828200	370.8	1061.5			0.05388	0.03977			1.12	1.18		
1659828842	306.9	951.5			0.0544	0.04001			1.12	1.18		
1659829162	239.3	958.9			0.05504	0.04053			1.11	1.19		
1659831726	204.4	650.6			0.05421	0.04016			1.11	1.18		
1659832047	227.5	577.8			0.05355	0.03943			1.12	1.17		
1659832687	186	537.7			0.05374	0.03968			1.12	1.18		
1659833008	170.4	502.9			0.05369	0.03989			1.12	1.18		
1659835572	91.5	367.7			0.05464	0.04012			1.11	1.19		
1659835893	84.8	340.3			0.05454	0.04016			1.12	1.19		
1659836534	49.7	308.3			0.05516	0.04086			1.11	1.22		
1659836854	54.3	271.5			0.05511	0.04051			1.11	1.2		
1659881674	1479.4				0.01466				1.17			
1659881995	1561.5				0.0152				1.17			
1659882636	1761.9				0.01623				1.19			
1659882957	1866.1				0.01675				1.19			
1659883599	1880.2				0.01753				1.19			
1659883919	1812.3				0.01796				1.19			
1659884560	1795.5				0.01837				1.19			
1659884881	1771.3				0.01864				1.19			
1659886484	1557.6	1136.5			0.02265	0.01507			1.14	1.14		
1659888728	1546.1	1341.8			0.02746	0.01945			1.13	1.14		
1659889370	1460.8	1658.7			0.02843	0.02004			1.13	1.14		
1659889690	1446.3	1606			0.0288	0.02036			1.14	1.14		
1659890332	1456.1	1520.7			0.02988	0.0215			1.12	1.14		
1659892577	1292.2	1693.4			0.03476	0.02627			1.12	1.14		
1659893219	1290	1408			0.03504	0.02678			1.14	1.14		
1659893540	1195.8	1519.4			0.03617	0.0277			1.12	1.14		
1659896427			1523.13213				0.03852				1.14	
1659897389			1559.19787				0.03903				1.14	
1659900276			1318.98185				0.0423				1.14	
1659900917			1253.73376				0.04297				1.14	
1659901238			1172.53001				0.04346				1.14	
1659904125			975.51299				0.04594				1.14	
1659905087			841.54653				0.04689				1.13	
1659905729			763.32586				0.04752				1.13	
1659907974			600.71454				0.04952				1.12	
1659908616			594.47195				0.04966				1.14	
1659908937			560.90315				0.04983				1.14	
1659909578			485.24488				0.05025				1.14	
1659911823			381.09243				0.05111				1.14	
1659912465			326.85645				0.05134				1.13	
1659912786			296.25832				0.05171				1.12	
1659913427			287.23241				0.05156				1.14	
1659916313			191.18203				0.05142				1.14	
1659916634			181.64178				0.05148				1.14	
1659919521			128.93022				0.05072				1.14	
1659972979	994.7	  	  		0.01693	  	  		1.15	  	  	
1659975866	1309	  	  		0.02206	  	  		1.15	  	  	
1659976187	1290.1	  	  		0.02275	  	  		1.15	  	  	
1659976828	1251.8	  	  		0.02379	  	  		1.15	  	  	
1659980036	1002.6	  	  		0.03002	  	  		1.12	  	  	
1659980677	944.5	  	  		0.0312	  	  		1.12	  	  	
1659982923	906.8	  	  		0.03539	  	  		1.13	  	  	
1659983564	806.4	  	  		0.03655	  	  		1.12	  	  	
1659983885	815.9	  	  		0.03712	  	  		1.13	  	  	
1659984526	703.3	  	  		0.03831	  	  		1.12	  	  	
1659986771	552.7	  	  		0.0416	  	  		1.11	  	  	
1659987413	495.2	  	  		0.04237	  	  		1.11	  	  	
1659987733	459.2	  	  		0.04267	  	  		1.1	  	  	
1659988375	427.8	  	  		0.04344	  	  		1.11	  	  	
1659990621	332.3	  	  		0.04608	  	  		1.1	  	  	
1659991262	289.5	  	  		0.04675	  	  		1.1	  	  	
1659991583	276.3	  	  		0.0469	  	  		1.1	  	  	
1659992225	249.7	  	  		0.04759	  	  		1.09	  	  	
1659994470	189.7	  	  		0.04932	  	  		1.09	  	  	
1659995112	167.5	  	  		0.04972	  	  		1.09	  	  	
1659995432	156.5	  	  		0.04976	  	  		1.09	  	  	
1659996074	137.4	  	  		0.0502	  	  		1.09	  	  	
1659998320	102.7	  	  		0.05106	  	  		1.09	  	  	
1659998961	93.3	  	  		0.05133	  	  		1.09	  	  	
1659999282	89.6	  	  		0.05102	  	  		1.09	  	  	
1659999924	76.3	  	  		0.0514	  	  		1.09	  	  	
1660002169	60.5	  	  		0.05116	  	  		1.1	  	  	
1660002811	55.6	  	  		0.05062	  	  		1.09	  	  	
1660003132	51.7	  	  		0.05081	  	  		1.09	  	  	
1660006019	36.2	  	  		0.05071	  	  		1.1	  	  	
1660006660	32.3	  	  		0.05098	  	  		1.1	  	  	
1660006981	28.9	  	  		0.05067	  	  		1.1	  	  	
1660144421	124.2				0.01504				1.14			
1660144939	137.1				0.01646				1.15			
1660145260	135.5				0.01728				1.14			
1660147922	130.6				0.02344				1.12			
1660148243	136.1				0.02396				1.11			
1660148885	127.5				0.0247				1.12			
1660149206	121.1				0.02481				1.13			
1660151772	124.9	205.5			0.02874	0.01746			1.12	1.19		
1660152093	105.7	170.1			0.02983	0.01967			1.17	1.19		
1660152735	98.9	168			0.03087	0.02167			1.11	1.14		
1660153056	103.7	157.1			0.03097	0.02079			1.12	1.15		
1660155621	91.1	148.7			0.03445	0.02405			1.12	1.15		
1660156904	96.2	163.1			0.0361	0.02541			1.14	1.14		
1660159470		172.2				0.02941				1.15		
1660159791		158.8				0.03007				1.19		
1660160433		150.5				0.03082			  	1.21		
1660160753		143.7				0.0342			  	1.19		
1660163319		141.2				0.0369			  	1.2		
1660163640		128.3				0.03787			  	1.19		
1660228569	433.8				0.01809				1.14			
1660228890	469.5				0.01871				1.15			
1660229532	393.9				0.02047				1.12			
1660229852	403.9				0.02094				1.12			
1660232417	611				0.02542				1.15			
1660236265	619.1	981.1			0.03496	0.02032			1.14	1.26		
1660236586	580.4	983.5			0.03601	0.02142			1.14	1.25		
1660237227	556.9	1249.7			0.03727	0.02176			1.14	1.24		
1660237547	494.9	1658			0.03886	0.02189			1.13	1.27		
1660240111		2296.8				0.02329				1.24		
1660244922		2206.5				0.02914				1.23		
1660248127		1857.7				0.03395				1.22		
1660248767		1682.3				0.03504				1.23		
1660249088		1560.1				0.03573				1.22		
1660251975		1158.2				0.03898				1.23		
1660252616		960.1				0.03879				1.22		
1660252936		942.9				0.03973				1.22		
1660255822		513.6				0.04316				1.24		
1660256463		456.9				0.04296				1.19		
1660256784		449.6				0.04306				1.2		
1660260310		243.1				0.04377				1.22		
1660263515		140.4				0.04318				1.24		
1660264156		119.6				0.04364				1.24		
1660264477		105.6				0.04373				1.18		
1660318598	643.9				0.02127				1.14			
1660319239	816.1				0.02398				1.15			
1660319560	920.4				0.02565				1.16			
1660322446	1563.9				0.03378				1.18			
1660323087	1460.7				0.03464				1.18			
1660323407	1465.3				0.03644				1.17			
1660326292	1249.8				0.04302				1.16			
1660327441	992.1				0.04476				1.14			
1660330007	777.6				0.04803				1.14			
1660330328	843.4				0.04807				1.14			
1660330860	662.5				0.04875				1.14			
1660331181	754.2				0.04822				1.15			
1660334067	524.9	478.8			0.0513	0.020062			1.14	1.2		
1660334709		425.9				0.02127				1.15		
1660335030		378.5				0.02187				1.18		
1660337915		325.6				0.02368				1.2		
1660338623		299.3				0.02352				1.2		
1660349297		71.3				0.0249				1.15		
1660400297	361				0.01355				1.13			
1660400618	464.4				0.01381				1.15			
1660403184	753.8				0.02003				1.13			
1660403504	820.9				0.02058				1.14			
1660404145	913.4	1229.1			0.02188	0.01449			1.15	1.15		
1660404466	958.6	1796.7			0.02259	0.01438			1.2	1.2		
1660407352	788.3	2229.3			0.02917	0.02109			1.13	1.16		
1660407993	784.8	2155.2			0.02985	0.02169			1.13	1.15		
1660408314	798.7	2108.4			0.0299	0.02187			1.13	1.15		
1660410879	626	1816			0.03347	0.025			1.11	1.13		
1660411199	566.5	1612.1			0.03432	0.02573			1.11	1.12		
1660412161			2414.79274				0.026				1.2	
1660414965			2071.81037				0.03061				1.2	
1660415286			1990.65688				0.03122				1.2	
1660415927			1795.98717				0.03238				1.19819	
1660418813			1305.16527				0.03413				1.19972	
1660419134			1230.60821				0.03424				1.19961	
1660422661			761.14765				0.03586				1.2	
1660422982			687.25346				0.03615				1.19848	
1660423623			650.04081				0.03685				1.19972	
1660426508			371.81077				0.03799				1.17306	
1660426828			411.067				0.0378				1.2	
1660427470			357.15873				0.03828				1.19632	
1660430355			231.1681				0.03932				1.19243	
1660430676			213.39305				0.0397				1.18843	
1660431317			187.96735				0.03953				1.18523	
1660433561			136.26557				0.03949				1.16328	
1660434523			120.8232				0.03913				1.19647	
1660437411			77.73257				0.03934				1.2	
1660603919	144	  			0.01274	  			1.12	  		
1660606796	1545.8	  			0.01414	  			1.13	  		
1660607116	1492.4	  			0.01442	  			1.13	  		
1660607755	1317.8	  			0.01505	  			1.13	  		
1660610633	1066.2	  			0.01635	  			1.14	  		
1660610953	983.2	  			0.01645	  			1.14	  		
1660611592	827.5	  			0.01671	  			1.14	  		
1660614471	540.5	  			0.01684	  			1.16	  		
1660614792	465.8	  			0.01693	  			1.15	  		
1660615432	376.5	  			0.01703	  			1.15	  		
1660664126	1157.4				0.01662				1.17			
1660665085	939.8				0.01861				1.14			
1660667965	838.5				0.02137				1.14			
1660668605	752				0.02208				1.14			
1660668925	716				0.02226				1.14			
1660672041	594.3				0.02525				1.14			
1660672361	516.7				0.02581				1.13			
1660673001	500.7				0.02665				1.15			
1660675881	416.5				0.03031				1.15			
1660676841	295				0.03217				1.11			
1660679720	219.3				0.03484				1.11			
1660680040	209.3				0.03505				1.11			
1660680679	179.4				0.03569				1.11			
1660683556	118.3				0.03735				1.11			
1660683876	112.5				0.03755				1.11			
1660684516	97.5				0.03773				1.11			
1660687393	61.2				0.03902				1.1			
1660687713	60.7				0.03913				1.11			
1660688352	56.1				0.03917				1.11			
1660691232	88.3				0.03912				1.09			
1660758928	15724.6				0.01986				1.29			
1660759137	15669.1				0.02041				1.29			
1660759457	14921				0.02097				1.27			
1660761685	14022.9				0.02665				1.24			
1660761685	14022.9				0.02665				1.24			
1660761895	14000.4				0.02704				1.24			
1660762214	12868.9				0.02738				1.23			
1660762424	12170.7				0.02748				1.23			
1660763063	10535.7				0.02805				1.23			
1660763273	10132.3				0.02818				1.23			
1660765822	7725.7				0.03161				1.22			
1660766032	7513.6				0.03199				1.22			
1660766352	7065.2				0.03242				1.21			
1660766562	6824.1				0.03264				1.21			
1660767202	6067.7				0.03365				1.2			
1660769961	4246.6				0.03716				1.19			
1660770171	4124.5				0.03741				1.19			
1660770491	3918.3				0.03772				1.19			
1660770701	3778.2				0.03783				1.19			
1660773248	2609.6				0.03983				1.18			
1660773457	2547.1				0.0399				1.18			
1660774097	2218.7				0.04025				1.18			
1660774307	2138.8				0.04019				1.18			
1660774626	1990.3				0.04034				1.18			
1660774836	1917.5				0.04045				1.18			
1660777065	1598.5				0.04112				1.18			
1660777385	1578.9				0.04114				1.18			
1660777595	1558.2				0.0413				1.18			
1660778235	1462.1				0.04116				1.18			
1660778445	1393.9				0.04103				1.18			
1660780867	1086.2				0.04138				1.18			
1660781076	1078.8				0.04124				1.18			
1660781716	969.3				0.04125				1.18			
1660781926	948.5				0.04127				1.18			
1660782246	909.1				0.04132				1.18			
1660782456	881.2				0.04124				1.18			
1660785006	687.8				0.04132				1.18			
1660785215	677.9				0.04156				1.18			
1660785855	630.5				0.0414				1.18			
1660786064	605.9				0.04151				1.19			
1660786384	589.9				0.04175				1.19			
1660788612	448.2				0.04172				1.18			
1660788821	439.8				0.04194				1.19			
1660789141	427.2				0.04192				1.18			
1660789351	419.2				0.04205				1.18			
1660789990	373.6				0.04199				1.18			
1660790520	324.2				0.042				1.17			
1660790729	326.7				0.04207				1.19			
1660793486	244				0.04208				1.19			
1660794126	159.7				0.04173				1.1			
1660839948	1622.8	  	  	  	0.01731	  	  	  	1.2	  	  	  
1660840158	1590.4	  	  	  	0.0176	  	  	  	1.2	  	  	  
1660840478	1591.1	  	  	  	0.01831	  	  	  	1.19	  	  	  
1660840688	1587.1	  	  	  	0.01855	  	  	  	1.2	  	  	  
1660843235	1490.1	  	  	  	0.02212	  	  	  	1.19	  	  	  
1660843445	1454.6	  	  	  	0.02253	  	  	  	1.18	  	  	  
1660844084	1337.6	  	  	  	0.02327	  	  	  	1.18	  	  	  
1660844294	1265.4	  	  	  	0.02353	  	  	  	1.18	  	  	  
1660844613	1210.3	  	  	  	0.02393	  	  	  	1.17	  	  	  
1660844823	1189.1	  	  	  	0.02404	  	  	  	1.17	  	  	  
1660847051	911.3	  	  	  	0.02593	  	  	  	1.17	  	  	  
1660847370	887	  	  	  	0.0262	  	  	  	1.17	  	  	  
1660847580	860.5	  	  	  	0.02628	  	  	  	1.17	  	  	  
1660848219	749	  	  	  	0.02656	  	  	  	1.16	  	  	  
1660848429	724.6	  	  	  	0.02665	  	  	  	1.17	  	  	  
1660850979	600.4	  	  	  	0.02932	  	  	  	1.15	  	  	  
1660851188	567.2	  	  	  	0.02944	  	  	  	1.16	  	  	  
1660851508	543	  	  	  	0.02979	  	  	  	1.15	  	  	  
1660851718	522.3	  	  	  	0.02981	  	  	  	1.15	  	  	  
1660852358	469.2	  	  	  	0.03019	  	  	  	1.16	  	  	  
1660855118	317.6	  	  	  	0.03119	  	  	  	1.15	  	  	  
1660855328	289.1	  	  	  	0.03112	  	  	  	1.14	  	  	  
1660855648	281.7	  	  	  	0.03109	  	  	  	1.15	  	  	  
1660855857	238.8	  	  	  	0.03132	  	  	  	1.12	  	  	  
1660865116	65.4	  	  	  	0.03223	  	  	  	1.11	  	  	  
1660866077	54.9	  	  	  	0.03211	  	  	  	1.12	  	  	  
1660868959	127	  	  	  	0.03381	  	  	  	1.18	  	  	  
1660936279	2039.1	  	  	  	0.01591	  	  	  	1.21	  	  	  
1660936490	2106.7	  	  	  	0.01615	  	  	  	1.21	  	  	  
1660939042	1835.8	  	  	  	0.01741	  	  	  	1.21	  	  	  
1660939252	1830.2	  	  	  	0.01755	  	  	  	1.21	  	  	  
1660939572	1751.8	  	  	  	0.01762	  	  	  	1.21	  	  	  
1660939782	1726.1	  	  	  	0.01785	  	  	  	1.21	  	  	  
1660940423	1557.1	  	  	  	0.01811	  	  	  	1.21	  	  	  
1660943021	1360.3	  	  	  	0.01966	  	  	  	1.19	  	  	  
1660944321	1264.8	  	  	  	0.02082	  	  	  	1.24	  	  	  
1660947083	812.4	  	  	  	0.02289	  	  	  	1.21	  	  	  
1660947293	775.1	  	  	  	0.02315	  	  	  	1.21	  	  	  
1660947613	760.3	  	  	  	0.0231	  	  	  	1.21	  	  	  
1660947823	693.6	  	  	  	0.02329	  	  	  	1.21	  	  	  
1660950585	455	  	  	  	0.02339	  	  	  	1.21	  	  	  
1660951226	387	  	  	  	0.02338	  	  	  	1.22	  	  	  
1660951436	377	  	  	  	0.02358	  	  	  	1.21	  	  	  
1660951756	352.7	  	  	  	0.02342	  	  	  	1.22	  	  	  
1660951966	328	  	  	  	0.02355	  	  	  	1.21	  	  	  
1660954516	216.3	  	  	  	0.02381	  	  	  	1.22	  	  	  
1660954726	194.2	  	  	  	0.02363	  	  	  	1.21	  	  	  
1660955366	172	  	  	  	0.02362	  	  	  	1.22	  	  	  
1660955575	168.9	  	  	  	0.02374	  	  	  	1.23	  	  	  
1660955895	149.2	  	  	  	0.02337	  	  	  	1.19	  	  	  
1660958124	108.2	  	  	  	0.02401	  	  	  	1.2	  	  	  
1660958334	97	  	  	  	0.02405	  	  	  	1.18	  	  	  
1660958865	85.4	  	  	  	0.02426	  	  	  	1.14	  	  	  
1660959716	85	  	  	  	0.02475	  	  	  	1.18	  	  	  
1660962267	82.5	  	  	  	0.0263	  	  	  	1.19	  	  	  
1661013399	154.8				0.0168				1.1			
1661013719	147.7				0.01692				1.1			
1661013929	140.9				0.01685				1.1			
1661016688	101.6				0.01749				1.1			
1661017327	79.5				0.01746				1.1			
1661017537	85.4				0.01756				1.1			
1661017857	72.2				0.01773				1.1			
1661018067	78.8				0.01779				1.1			
1661020616	79				0.02048				1.1			
1661020825	79.9				0.02077				1.1			
1661028745		142.8				0.02435				1.21		
1661029385		131.3				0.02466				1.21		
1661029595		133.8				0.02451				1.21		
1661031873		105.8				0.02656				1.22		
1661032512		99.1				0.02804				1.19		
1661032722		106.1				0.02816				1.2		
1661033041		79.2				0.02964				1.15		
1661033251		104.5				0.02944				1.19		
1661035798		95.9	74.2			0.0355	0.01705			1.16	1.12	
1661036008		98.1	74.6			0.0359	0.01757			1.15	1.12	
1661036647		92.6	72			0.03724	0.01889			1.14	1.12	
1661036857		89.7	80.6			0.03741	0.01931			1.15	1.12	
1661037177		80.4	82.8			0.03817	0.01989			1.15	1.11	
1661037386		74.8	71.5			0.03882	0.02002			1.14	1.12	
1661039766		71.3	70.9			0.04442	0.0235			1.14	1.1	
1661040891		60.7	65.7			0.04505	0.02434			1.16	1.11	
1661041101		56.6	61			0.04533	0.0246			1.14	1.11	
1661043650		36.3	43.2			0.04552	0.0254			1.14	1.1	
1661043860		37.2	38.5			0.04558	0.02522			1.14	1.09	
1661044180		37.8	38.6			0.04574	0.02531			1.14	1.11	
1661045030		35.2	34.8			0.04621	0.02548			1.16	1.1	
1661047790		29.4	32.3			0.04787	0.02623			1.14	1.11	
1661047999		27.3	30.4			0.04744	0.02644			1.14	1.1	
1661048319		28.5	30.1			0.04787	0.02647			1.13	1.1	
1661048529		28.5	31.7			0.04773	0.02669			1.14	1.11	
1661051079		23.2	22.9			0.04827	0.02765			1.14	1.11	
1661051289		21.7	26.1			0.04916	0.02736			1.13	1.11	
1661052459		21.9	23.4			0.04914	0.02781			1.15	1.11	
1661052669		21	20.1			0.04894	0.02769			1.14	1.1	
1661093924	2846				0.01459				1.16			
1661094134	2980.6				0.01471				1.16			
1661094774	3297.2				0.01561				1.16			
1661094984	3244.6				0.0159				1.16			
1661095304	4361.4				0.01638				1.22			
1661095514	4339.2				0.01674				1.22			
1661097743	3551.7				0.02161				1.16			
1661098063	3567.4				0.02225				1.16			
1661098273	3534.3				0.02258				1.16			
1661098913	3091.2				0.02359				1.15			
1661099123	3019.8				0.02378				1.15			
1661101588	2948.6				0.02665				1.17			
1661101798	2925.5				0.02683				1.18			
1661102438	2553.9				0.02795				1.17			
1661102648	2515.8				0.02815				1.17			
1661102968	2588.9				0.02838				1.19			
1661103178	2236.3				0.0289				1.16			
1661105407	1731.8				0.03234				1.14			
1661105727	1902.7				0.03259				1.16			
1661105937	1770.6				0.03279				1.15			
1661106577	1717				0.03289				1.15			
1661107020	1497.6				0.033				1.15			
1661109661	1028.2				0.03441				1.14			
1661109871	976				0.03434				1.13			
1661110191	961.3				0.03414				1.15			
1661110400	893.3				0.03445				1.14			
1661113160	591.1				0.03487				1.14			
1661113800	533.9				0.03511				1.15			
1661114010	461.8				0.03516				1.14			
1661114330	467.8				0.03513				1.15			
1661114540	474				0.03508				1.17			
1661117089	306.5				0.03788				1.13			
1661117299	304.1				0.03766				1.14			
1661117939	271.8				0.03794				1.15			
1661118149	230.9				0.0384				1.12			
1661121322	141.7				0.03939				1.12			
1661121532	151.3				0.0392				1.15			
1661121852	124				0.03964				1.13			
1661185649	385.6				0.01887				1.15			
1661188408	380.9				0.02455				1.13			
1661188618	345.6				0.02494				1.12			
1661189258	349.2				0.02537				1.14			
1661189468	322.7				0.02605				1.12			
1661189788	332.3				0.02642				1.13			
1661192227	285.5				0.02818				1.13			
1661192757	254.7				0.02893				1.13			
1661193396	242.2				0.02961				1.13			
1661196153	231.6	375.1			0.03075	0.01509			1.18	1.2		
1661196363	220.9	341.5			0.03087	0.01537			1.17	1.2		
1661196683	209	327.3			0.03105	0.01582			1.18	1.2		
1661196893	203.5	306.7			0.03109	0.01583			1.18	1.2		
1661197532	130.4	260.5			0.03283	0.01629			1.11	1.16		
1661200290	118.9	224.4			0.03443	0.01964			1.14	1.15		
1661200499	88.2	221.4			0.03554	0.0199			1.1	1.15		
1661200819	81.6	214.5			0.03617	0.02037			1.11	1.15		
1661201029	90.8	223.4			0.03557	0.0207			1.11	1.15		
1661203787	85.5	222.6	292.8		0.03678	0.02127	0.01375		1.15	1.15	1.13	
1661204427	55.6	201	243.8		0.0382	0.02238	0.01439		1.1	1.15	1.13	
1661204637	60.1	191	247.8		0.03776	0.02291	0.01468		1.14	1.15	1.15	
1661205167	48.8	167	234.3		0.03865	0.02332	0.01526		1.1	1.14	1.14	
1661207717	38.9	136.2	168.3		0.03911	0.02468	0.01704		1.13	1.15	1.11	
1661207927	36.5	123.2	163.6		0.03937	0.02505	0.01721		1.12	1.15	1.13	
1661208567	30.4	112.3	152.1		0.04042	0.02532	0.01748		1.1	1.15	1.12	
1661208777	33.4	91.3	140		0.04	0.02582	0.01777		1.14	1.13	1.12	
1661209097	30.7		135		0.03942		0.0176		1.14		1.12	
1661211327	28.2		105		0.04278		0.0186		1.09		1.12	
1661211537	30.8		115.9		0.04252		0.01892		1.09		1.13	
1661274902	3683.2				0.01267				1.21			
1661275112	4414.4				0.01266				1.22			
1661277341	4642.5				0.0172				1.18			
1661277661	4597.6				0.01765				1.18			
1661277870	4508.1				0.01818				1.18			
1661278510	4233.6				0.01903				1.18			
1661278719	4056.1				0.01932				1.17			
1661281267	3256.2				0.02129				1.18			
1661281476	3121.7				0.02142				1.18			
1661281796	2945.4				0.02161				1.18			
1661282006	2771.6				0.02179				1.18			
1661282645	2458.4				0.02227				1.18			
1661285402	1829.9				0.02524				1.16			
1661285612	1789.6				0.02534				1.16			
1661285931	1638.5				0.02554				1.15			
1661286141	1562.1				0.02569				1.15			
1661288901	1081.8				0.02737				1.15			
1661289540	1033.2				0.02796				1.15			
1661289750	1069				0.02783				1.17			
1661290070	893				0.02854				1.15			
1661290280	848.8				0.02886				1.15			
1661292829	813.3				0.03172				1.17			
1661293039	815				0.03186				1.17			
1661293679	724.2				0.03203				1.18			
1661293889	663.5				0.03233				1.17			
1661294210	631.9	279.6		  	0.03254	0.01329		  	1.17	1.17		
1661296649	502.1	557.4		  	0.03347	0.01322		  	1.18	1.15		
1661296969	457.8	580.7		  	0.03362	0.01323		  	1.18	1.17		
1661297179	432	567.5		  	0.03363	0.01329		  	1.18	1.16		
1661297819	366.8	556.9		  	0.03368	0.01326		  	1.18	1.18		
1661298029	363.2	559.8		  	0.03382	0.01332		  	1.18	1.17		
1661300578	250.7	401.7		  	0.03387	0.01364		  	1.18	1.18		
1661300788	250.7	408.3		  	0.03386	0.01347		  	1.18	1.18		
1661301108	235.4	371.8		  	0.03393	0.01369		  	1.18	1.18		
1661301958	196	323.3		  	0.03386	0.01371		  	1.18	1.18		
1661304718	131.7	192.9		  	0.03405	0.01448		  	1.17	1.17		
1661304928	124.1	184.2		  	0.03388	0.01456		  	1.16	1.17		
1661305458	122.5	186.1		  	0.03447	0.01435		  	1.18	1.18		
1661308218	93.5	88.6		  	0.03466	0.01566		  	1.19	1.15		
1661309068	87.3	90.3		  	0.03465	0.01563		  	1.23	1.18		
1661309388	86.8	91.9		  	0.03457	0.01541		  	1.23	1.2		
1661309598	74	80.6		  	0.03535	0.0157		  	1.2	1.17		
1661311828	44.6	65.3		  	0.03521	0.01577		  	1.19	1.19		
1661312148		59.2		  		0.0157		  	1.21	1.21		
1661312358		54.9		  		0.01601		  	1.19	1.22		
1661312998		49.1		  		0.01601		  	1.18	1.18		
1661313208		46.9		  		0.01609		  	1.18	1.18		
1661315758		35.3		  		0.0162		  	1.17	1.18		
1661375329	1037				0.01914				1.15			
1661375969	1085.6				0.01961				1.15			
1661376179	1063.5				0.02026				1.15			
1661376499	1064.7				0.02062				1.15			
1661380634	1003.4	2059.9			0.02847	0.01831			1.15	1.15		
1661382862	1032.8	2046.9			0.02941	0.0205			1.12	1.13		
1661383391	932	2086.2			0.0306	0.02143			1.15	1.15		
1661383601	896.4	2053.5			0.03076	0.02163			1.15	1.15		
1661384240	926.2	1667.4			0.03066	0.02217			1.14	1.15		
1661384450	902.7	1663.8			0.03087	0.02229			1.15	1.15		
1661386999		1418.4				0.02524				1.15		
1661387209		1326.2				0.02527				1.15		
1661387529		1172.5				0.02506				1.15		
1661387739		1183.6				0.02528				1.15		
1661391139		782.2				0.02826				1.15		
1661391348		684				0.02832				1.15		
1661391668		661.5				0.0288				1.15		
1661391878		615.7				0.02917				1.15		
1661394425		492.7				0.03282				1.15		
1661394634		460.8				0.03325				1.15		
1661395484		441.9				0.03447				1.15		
1661396013		353.8				0.03483				1.15		
1661398241		302.9				0.03688				1.15		
1661437720	578.6				0.01409				1.15			
1661437929	728				0.0145				1.17			
1661440479	1125.3				0.02362				1.13			
1661440689	1358.1				0.02397				1.15			
1661441218	1428.4				0.0254				1.16			
1661441858	1477.8				0.02729				1.16			
1661444616	1632.9				0.03404				1.17			
1661444826	1351.5				0.03496				1.15			
1661445146	1233.1				0.03585				1.14			
1661445356	1133.7				0.03613				1.12			
1661448116	1119.2				0.04002				1.15			
1661448755	711.7				0.04238				1.11			
1661448965	763.4				0.04161				1.12			
1661449285	647.5				0.04307				1.13			
1661449495	653.1				0.04295				1.12			
1661450136	557.3				0.04383				1.12			
1661452894	453.7				0.04652				1.11			
1661453104	417				0.0471				1.11			
1661453424	452.5				0.04616				1.12			
1661453633	384				0.04723				1.11			
1661454273	351.9				0.04682				1.11			
1661457030	235.4				0.05115				1.11			
1661457240	239.2				0.05149				1.11			
1661457559	198.4				0.05281				1.1			
1661457769	233.7				0.05148				1.11			
1661460316		640.7				0.01343				1.2		
1661460526		693				0.01346				1.2		
1661461165		1083.8				0.0135				1.19		
1661461375		1179.1				0.01356				1.18		
1661461695		1489.8				0.01332				1.18		
1661461904		1412.7				0.01365				1.18		
1661464133		2109.5				0.01553				1.18		
1661464453		2052.5				0.01571				1.18		
1661464663		2087.8				0.01583				1.18		
1661465303		1731.3				0.01652				1.18		
1661465513		1677				0.01681				1.18		
1661468060		1273				0.01819				1.16		
1661468270		1184.2				0.01832				1.17		
1661468590		1114				0.01836				1.17		
1661468799		1075.2				0.01834				1.18		
1661469439		948.7				0.0187				1.18		
1661472199		635.3				0.01898				1.17		
1661472409		623.7				0.01899				1.18		
1661472729		590.2				0.01901				1.17		
1661472938		542.2				0.01913				1.18		
1661475698		374				0.0193				1.18		
1661476338		346.8				0.01948				1.2		
1661476548		336.9				0.01975				1.19		
1661476868		342.8				0.01994				1.19		
1661477077		343.6				0.02017				1.2		
1661479624		197.4				0.02065				1.19		
1661479834		204.5				0.0207				1.2		
1661480473		182				0.02101				1.18		
1661480683		174.2				0.02119				1.17		
1661481003		206				0.02197				1.22		
1661483339		172.1				0.02362				1.22		
1661483659		132.6				0.02336				1.19		
1661527066	2056.3				0.01388				1.15			
1661529295	15875.5				0.01753				1.26			
1661529505	17295.9				0.01753				1.28			
1661529825	16985.4				0.01811				1.28			
1661530034	16853.1				0.0184				1.28			
1661530674	15870.9				0.01982				1.27			
1661530883	15512.8				0.02028				1.27			
1661533433	11745.3				0.02404				1.25			
1661533643	11428.2				0.02425				1.24			
1661533963	10396.7				0.02451				1.24			
1661534173	10032.8				0.0246				1.25			
1661534813	8379.3				0.02519				1.24			
1661537572	5707.5				0.02772				1.23			
1661537781	5421.9				0.02782				1.23			
1661538101	5163.4				0.02808				1.23			
1661538311	4913.2				0.02817				1.22			
1661540861	3450				0.03028				1.21			
1661541070	3291.7				0.0304				1.21			
1661541711	2870.1				0.03078				1.21			
1661541920	2777				0.03096				1.21			
1661542240	2637.9				0.03129				1.21			
1661542450	2523.5				0.03154				1.21			
1661544793	1877.7				0.03331				1.2			
1661545113	1783.9				0.03352				1.21			
1661545323	1693.6				0.03359				1.2			
1661545963	1450.1				0.03387				1.15			
1661546173	1361.8				0.03399				1.26			
1661548722	1034.5				0.03652				1.28			
1661548932	979.5				0.03677				1.28			
1661549252	906.9				0.03716				1.28			
1661549461	878				0.03729				1.27			
1661550101	747.1				0.03788				1.27			
1661552860	542				0.03957				1.25			
1661553070	524.9				0.03965				1.24			
1661553390	480.2				0.03963				1.24			
1661553600	454.1				0.03955				1.25			
1661556358	291.5				0.04028				1.24			
1661556998	252.8				0.04015				1.23			
1661557208	239.5				0.04032				1.23			
1661557528	233.2				0.04024				1.23			
1661557738	237.5				0.0402				1.22			
1661560288	162.1				0.04045				1.21			
1661560497	156.1				0.0403				1.21			
1661561137	137.9				0.0406				1.21			
1661561347	133.5				0.04023				1.21			
1661561667	120.2				0.04029				1.21			
1661563897	105.2				0.0405				1.21			
1661564107	103.3				0.04021				1.2			
1661564427	98.3				0.04024				1.21			
1661564637	91.1				0.04075				1.2			
1661565276	95.9				0.04029				1.2			
1661565486	91.4				0.04087				1.21			
1661568033	54.6				0.04066				1.2			
1661568243	45.6				0.04073				1.2			
1661620538	132.6				0.01713				1.22			
1661620748	125				0.01729				1.1			
1661621068	116.8				0.01784				1.24			
1661621277	112.5				0.01832				1.19			
1661624037	117.1	83.5			0.02453	0.01321			1.15	1.18		
1661624676	113.7	288.3			0.02617	0.01286			1.16	1.21		
1661624886	108.4	278.5			0.02676	0.01343			1.15	1.21		
1661625206	105.9	418.1			0.02769	0.01355			1.14	1.26		
1661625415	104.6	390.6			0.02787	0.01426			1.14	1.23		
1661627644	100.1	653.1			0.03025	0.01457			1.16	1.3		
1661627964	92.8	573.3			0.0306	0.01517			1.13	1.29		
1661628174	86.8	501.3			0.03059	0.01537			1.13	1.27		
1661628814	75.3	439			0.03085	0.01547			1.13	1.26		
1661629024	58.1	446.3			0.03133	0.0157			1.12	1.27		
1661631573	61.3	355.1			0.03222	0.01722			1.14	1.23		
1661631783		381.3				0.01752			1.16	1.24		
1661632104		356.6				0.01744				1.23		
1661632313		302.9				0.0187				1.2		
1661635685		220.8				0.02244				1.17		
1661635895		213				0.02261				1.17		
1661636215		230.4				0.02191				1.18		
1661636425		206.7				0.0226				1.17		
1661639182		154.6				0.02365				1.16		
1661639822		163.7				0.02487				1.17		
1661640351		144.7				0.02457				1.18		
1661643111		74.1				0.02502				1.15		
1661643321		66.6				0.02544				1.16		
1661643961		61.9				0.02523				1.16		
1661644171		56.4				0.02549				1.17		
1661701902	171.7				0.0131				1.2			
1661702112	180.6				0.01313				1.21			
1661704659	374.1				0.0144				1.25			
1661704869	376				0.01492				1.25			
1661705189	370.9				0.01491				1.25			
1661708795	426.6				0.01971				1.24			
1661709004	411.3				0.02035				1.25			
1661709324	379.2				0.02071				1.23			
1661709534	387.8				0.02087				1.24			
1661712293	302.4				0.0256				1.17			
1661712933	261.5				0.02693				1.17			
1661713143	297.8				0.02631				1.19			
1661713463	290.3				0.02701				1.19			
1661713673	290.7				0.02678				1.2			
1661716221	180.6	147.8			0.03063	0.02151			1.13	1.13		
1661716431	170.9	153.3			0.03057	0.02114			1.13	1.13		
1661717071	154.4	136.8			0.03133	0.02194			1.13	1.13		
1661717281	152.9	141.5			0.03142	0.02189			1.13	1.13		
1661717601	149.1	137.6			0.03165	0.02171			1.13	1.13		
1661719830	116.5	134.1			0.03361	0.02333			1.13	1.13		
1661720040	113.1	136.8			0.0338	0.02307			1.13	1.13		
1661720360	114.9	135.7			0.0341	0.02372			1.13	1.13		
1661720569	119.1	123.2			0.03331	0.02306			1.13	1.13		
1661721209	96.7	107.5			0.03404	0.02344			1.13	1.13		
1661721418	95.2	107.2			0.03407	0.02358			1.13	1.13		
1661723966	66.7	76.7			0.03497	0.02425			1.13	1.13		
1661724175	59.1	76.6			0.03558	0.02465			1.13	1.13		
1661724495	59.3	69			0.03579	0.0245			1.13	1.13		
1661724705	55	62			0.03553	0.02461			1.13	1.13		
1661728102	29.4	39.5			0.03624	0.02569			1.12	1.13		
1661728311	32.6	36.6			0.03574	0.02505			1.13	1.13		
1661802641	2079.6				0.01618				1.13			
1661802960	2055.8				0.01675				1.12			
1661803170	2139.7				0.01708				1.13			
1661805719	1812.7				0.01968				1.13			
1661805928	1753.2				0.01982				1.13			
1661806568	1538.9				0.02004				1.13			
1661806777	1234.5				0.02041				1.11			
1661807097	1205.3				0.0203				1.11			
1661807307	1151.7				0.0206				1.11			
1661809534	931.9				0.02149				1.11			
1661809854	902.5				0.02156				1.11			
1661810064	827.4				0.02171				1.11			
1661810703	720				0.02185				1.11			
1661810913	749.6				0.02187				1.13			
1661813461	499.5				0.02263				1.11			
1661813671	484.1				0.02273				1.11			
1661813990	481.3				0.0229				1.12			
1661814200	449.9				0.02284				1.12			
1661814840	386.6				0.02304				1.12			
1661817597	240.6				0.02359				1.11			
1661817807	248.9				0.02358				1.12			
1661818126	248.4				0.02385				1.12			
1661818336	215				0.02388				1.12			
1661821093	183.3				0.02463				1.12			
1661821732	152.2				0.02487				1.12			
1661821942	130.5				0.02511				1.11			
1661822262	123.2				0.02521				1.11			
1661822471	124.4				0.02504				1.11			
1661825019	100				0.02626				1.12			
1661825229	89.1				0.02711				1.11			
1661825868	87.2				0.02694				1.12			
1661826078	83.8				0.02698				1.12			
1661826398	69.8				0.027				1.1			
1661828837	53.6				0.02761				1.12			
