1657862039
1657862539
1657863038
1657863538
1657866038
1657866538
1657867038
1657870038
1657870538
1657871038
1657873537
1657874037
1657874537
1657875037
1657877537
1657878037
1657878537
1657881537
1657882037
1657882537
1657885037
1657885537
1657886037
1657886537
1657896536
1657897036
1657897226
1657897416
1657897606
1657897796
1657897986
1657900265
1657900455
1657900645
1657900834
1657901024
1657901214
1657901404
1657901594
1657901784
1657904253
1657904443
1657904632
1657904822
1657905012
1657905202
1657905392
1657905582
1657905772
1657908050
1657908540
1657908750
1657908960
1657909170
1657909379
1657909589
1657911897
1657912107
1657912317
1657912527
1657912737
1657912947
1657913157
1657913366
1657938639
1657938849
1657939058
1657939268
1657939478
1657939688
1657939898
1657942206
1657942416
1657942626
1657942835
1657943045
1657943255
1657943465
1657943675
1657945983
1657946193
1657946403
1657946613
1657946822
1657947032
1657947242
1657947452
1657949760
1657949970
1657950180
1657950389
1657950599
1657950809
1657951019
1657951229
1657951438
1657953747
1657953956
1657954166
1657954376
1657954586
1657954796
1657955006
1657955215
1657957524
1657957733
1657957943
1657958153
1657958363
1657958573
1657958783
1657958992
1657961300
1657961510
1657961720
1657961930
1657962140
1657962349
1657962559
1657962769
1657965287
1657965497
1657965707
1657965916
1657966126
1657966336
1657966546
1657966756
1657969064
1657969274
1657969483
1657969693
1657969903
1657970113
1657970323
1657970533
1657972841
1657973051
1657973261
1657973470
1657973680
1657973890
1657974100
1657974310
1657976619
1657976829
1657977039
1657977248
1657977458
1657977668
1657977878
1657978088
1657978298
1657980607
1657980817
1657981027
1657981237
1657981685
1657981895
1657982105
1657984412
1657984622
1657984831
1657985041
1657985251
1657985460
1657985670
1657985880
1657988187
1657988397
1657988607
1657988817
1657989027
1657989237
1657989447
1657989657
1657991965
1657992175
1657992385
1657992595
1657992805
1657993014
1657993224
1657993434
1657993644
1657995953
1657996163
1657996373
1657996583
1657996793
1657997003
1657997212
1657997422
1657999716
1657999926
1658000136
1658000346
1658000556
1658000765
1658000975
1658001185
1658003494
1658003704
1658003914
1658004124
1658004333
1658004543
1658004753
1658004963
1658007482
1658007692
1658007901
1658008111
1658008321
1658008531
1658008741
1658008951
1658011260
1658011470
1658011680
1658012100
1658012310
1658012520
1658012729
1658015038
1658015248
1658015458
1658015668
1658015878
1658016088
1658016298
1658016508
1658018816
1658019026
1658019236
1658019446
1658019656
1658019866
1658020076
1658020475
1658022784
1658022994
1658023204
1658023414
1658023624
1658023834
1658024044
1658024253
1658026562
1658026773
1658026982
1658027192
1658027402
1658027612
1658027822
1658028032
1658030340
1658030550
1658030760
1658030970
1658031180
1658031390
1658031600
1658031810
1658034328
1658034538
1658034748
1658034958
1658035168
1658035378
1658035588
1658035797
1658038106
1658038316
1658038525
1658038735
1658038945
1658039155
1658039365
1658039575
1658041883
1658042093
1658042303
1658042513
1658042723
1658042932
1658043142
1658043352
1658045661
1658045871
1658046081
1658046291
1658046501
1658046711
1658046921
1658047131
1658047341
1658049649
1658049859
1658050069
1658050279
1658050489
1658050698
1658050908
1658051118
1658053426
1658053636
1658053846
1658054056
1658054266
1658054476
1658054686
1658054896
1658057204
1658057414
1658057624
1658057833
1658058043
1658058253
1658058463
1658058673
1658061191
1658061401
1658061611
1658061821
1658062031
1658062241
1658062450
1658062660
1658064969
1658065179
1658065389
1658065599
1658065809
1658066019
1658066228
1658066438
1658068747
1658068957
1658069167
1658069377
1658069587
1658069797
1658070007
1658070216
1658072525
1658072735
1658072945
1658073155
1658073364
1658073574
1658073784
1658073994
1658076513
1658076723
1658076933
1658077143
1658077353
1658077563
1658077773
1658077982
1658080291
1658080501
1658080711
1658080921
1658081131
1658081341
1658081551
1658081761
1658084070
1658084280
1658084490
1658084700
1658084910
1658085120
1658085330
1658085539
1658087848
1658088058
1658088268
1658088478
1658088688
1658088898
1658089108
1658089318
1658089528
1658091837
1658092047
1658092257
1658092467
1658092677
1658092887
1658093096
1658093306
1658095613
1658095822
1658096032
1658096242
1658096451
1658096661
1658096871
1658097080
1658099464
1658099673
1658099883
1658100093
1658100302
1658100512
1658100721
1658100931
1658103237
1658103446
1658103656
1658103866
1658104075
1658104285
1658104494
1658104704
1658107219
1658107429
1658107639
1658107848
1658108058
1658108268
1658108477
1658108687
1658110994
1658111203
1658111413
1658111623
1658111832
1658112042
1658112252
1658112462
1658114769
1658114979
1658115188
1658115398
1658115608
1658115818
1658116027
1658116237
1658118544
1658118754
1658118964
1658119173
1658119383
1658119593
1658119803
1658120012
1658122529
1658122739
1658122948
1658123158
1658123368
1658123577
1658123787
1658123997
1658126304
1658126514
1658126723
1658126933
1658127143
1658127353
1658127562
1658127772
1658130079
1658130289
1658130498
1658130708
1658130918
1658131128
1658131337
1658131547
1658133854
1658134063
1658134273
1658134483
1658134693
1658134902
1658135112
1658135322
1658135531
1658137838
1658138048
1658138258
1658138468
1658138677
1658138887
1658139097
1658139306
1658141613
1658141823
1658142033
1658142242
1658142452
1658142662
1658142871
1658143081
1658145598
1658145807
1658146017
1658146227
1658146436
1658146646
1658146856
1658149372
1658149582
1658149791
1658150001
1658150211
1658150421
1658150630
1658150840
1658153147
1658153357
1658153566
1658153776
1658153986
1658154195
1658154405
1658154615
1658156923
1658157133
1658157343
1658157553
1658157763
1658157973
1658158183
1658158393
1658160702
1658160912
1658161122
1658161332
1658161541
1658161751
1658161961
1658162171
1658164690
1658164900
1658165110
1658166999
1658167209
1658167419
1658167629
1658167839
1658168049
1658168259
1658168469
1658168678
1658168888
1658169098
1658169308
1658169518
1658169728
1658169938
1658170148
1658170358
1658170568
1658170778
1658170987
1658171197
1658171407
1658171617
1658171827
1658172037
1658172247
1658172456
1658172666
1658172876
1658173086
1658173296
1658173506
1658173715
1658173925
1658174135
1658174345
1658174555
1658174765
1658174974
1658175184
1658175394
1658175604
1658175814
1658176024
1658176234
1658176444
1658176654
1658176864
1658177074
1658177284
1658177493
1658177703
1658177913
1658178123
1658178333
1658178543
1658178753
1658178962
1658179172
1658179382
1658179592
1658179802
1658180012
1658180221
1658180431
1658180641
1658180851
1658181061
1658181271
1658181481
1658181691
1658181901
1658182111
1658182321
1658182531
1658182741
1658182950
1658184419
1658184628
1658184838
1658185170
1658185379
1658185589
1658185799
1658188107
1658188317
1658188527
1658188736
1658188946
1658189156
1658189366
1658189576
1658192092
1658192302
1658192512
1658192722
1658192931
1658193141
1658193351
1658193560
1658195867
1658196077
1658196287
1658196496
1658196706
1658196916
1658197126
1658197335
1658199845
1658200055
1658200265
1658200474
1658200684
1658200894
1658201104
1658203620
1658203830
1658204039
1658204249
1658204459
1658204669
1658204878
1658205088
1658207324
1658207534
1658207744
1658207954
1658208164
1658208373
1658208583
1658208793
1658211100
1658211309
1658211519
1658211729
1658211939
1658212148
1658212358
1658212568
1658212778
1658215084
1658215294
1658215504
1658215714
1658215923
1658216133
1658216343
1658216553
1658218859
1658219069
1658219279
1658219489
1658219698
1658219908
1658220118
1658220327
1658222634
1658222844
1658223054
1658223263
1658223473
1658223683
1658223893
1658224102
1658226619
1658226829
1658227038
1658227248
1658227458
1658227668
1658227877
1658228087
1658230394
1658230604
1658230813
1658231023
1658231233
1658231442
1658231652
1658231862
1658234169
1658234379
1658234588
1658234798
1658235008
1658235218
1658235427
1658235637
1658237945
1658238155
1658238365
1658238574
1658238784
1658238994
1658239204
1658239414
1658239624
1658241933
1658242143
1658242353
1658242563
1658242773
1658246009
1658246219
1658246429
1658246639
1658246849
1658249157
1658249367
1658249576
1658249786
1658252093
1658252302
1658252512
1658252722
1658252931
1658253141
1658253351
1658253561
1658255867
1658256077
1658256286
1658256496
1658256706
1658256916
1658257125
1658257335
1658259853
1658260063
1658260273
1658260483
1658260693
1658260902
1658261112
1658261322
1658263632
1658263842
1658264053
1658264262
1658264472
1658264682
1658264892
1658265102
1658267411
1658267621
1658267831
1658268041
1658268251
1658268461
1658268671
1658268881
1658271190
1658271400
1658271610
1658278971
1658279181
1658279391
1658279601
1658279811
1658280021
1658280231
1658280441
1658282752
1658282962
1658283172
1658283382
1658283592
1658283802
1658284012
1658284222
1658286532
1658286742
1658286952
1658287162
1658287372
1658287583
1658287793
1658288003
1658290523
1658290733
1658290943
1658291153
1658291363
1658291573
1658291783
1658291993
1658294304
1658294514
1658294724
1658294934
1658295144
1658295354
1658295564
1658295774
1658298084
1658298295
1658298505
1658298715
1658298925
1658299135
1658299345
1658299555
1658301866
1658302076
1658302286
1658302496
1658302706
1658302916
1658303126
1658303336
1658305857
1658306066
1658306276
1658306487
1658306697
1658306907
1658307117
1658307327
1658309637
1658309847
1658310057
1658310267
1658310477
1658310687
1658310897
1658311107
1658313417
1658313627
1658313837
1658314047
1658314257
1658314467
1658314677
1658314887
1658317407
1658317617
1658317827
1658318037
1658318247
1658318457
1658318667
1658318877
1658321187
1658321397
1658321606
1658321817
1658322027
1658322237
1658322446
1658322656
1658325084
1658325294
1658325504
1658325714
1658326343
1658326553
1658326763
1658328961
1658329151
1658329341
1658329531
1658329720
1658329910
1658330244
1658330434
1658330624
1658330814
1658331003
1658331193
1658331383
1658331573
1658331763
1658332074
1658332494
1658332704
1658332914
1658333123
1658333333
1658333543
1658333753
1658333963
1658334172
1658334382
1658334592
1658334802
1658335012
1658335222
1658335431
1658335641
1658335851
1658336061
1658336271
1658336481
1658336691
1658336901
1658337110
1658337878
1658338088
1658338298
1658338508
1658338718
1658338928
1658339138
1658339348
1658339558
1658339768
1658339978
1658340188
1658340398
1658340608
1658340817
1658341028
1658341237
1658341447
1658341657
1658341867
1658342077
1658342541
1658342751
1658342961
1658343171
1658343381
1658343591
1658343801
1658345080
1658345290
1658345500
1658345709
1658345919
1658346129
1658348437
1658348647
1658348857
1658349067
1658349276
1658349486
1658349696
1658349906
1658352213
1658352423
1658352633
1658352843
1658353053
1658353263
1658353473
1658353682
1658356200
1658356410
1658356619
1658356829
1658357039
1658357249
1658357459
1658357668
1658359976
1658360186
1658360396
1658360605
1658360815
1658361025
1658361235
1658361445
1658363753
1658363963
1658364173
1658364383
1658364594
1658364804
1658365014
1658365224
1658367533
1658367743
1658367953
1658368163
1658368373
1658368583
1658368793
1658369003
1658369213
1658371525
1658371735
1658371945
1658372155
1658372365
1658372576
1658372786
1658372996
1658375307
1658375517
1658375727
1658375936
1658376146
1658376356
1658376566
1658376775
1658379083
1658379293
1658379503
1658379713
1658379922
1658380132
1658380342
1658380551
1658380761
1658383098
1658383308
1658383519
1658383728
1658383938
1658384149
1658384359
1658384569
1658386879
1658387089
1658387299
1658387509
1658387719
1658387929
1658388139
1658388349
1658390660
1658390870
1658391080
1658391290
1658391500
1658391710
1658391920
1658392130
1658394440
1658394650
1658394860
1658395070
1658395280
1658395490
1658395700
1658395910
1658398430
1658398640
1658398849
1658399059
1658399269
1658399479
1658399689
1658399899
1658402209
1658402419
1658402629
1658402839
1658403049
1658403259
1658403469
1658403679
1658405987
1658406197
1658406407
1658406617
1658406827
1658407036
1658407246
1658407456
1658409975
1658410186
1658410396
1658410606
1658410816
1658411026
1658411236
1658411446
1658413636
1658413846
1658414056
1658414266
1658414476
1658414686
1658414896
1658415105
1658415315
1658417624
1658417833
1658418043
1658418253
1658418463
1658418673
1658418883
1658419093
1658421403
1658421613
1658421823
1658422033
1658422243
1658422452
1658422662
1658422872
1658425180
1658425389
1658425599
1658425809
1658426019
1658426229
1658426438
1658426648
1658429167
1658429377
1658429588
1658429798
1658430008
1658430217
1658430427
1658430637
1658432948
1658433158
1658433369
1658433579
1658433789
1658433999
1658434209
1658434419
1658436730
1658436940
1658437150
1658437360
1658437570
1658437780
1658437990
1658438200
1658440511
1658440721
1658440930
1658441140
1658441350
1658441560
1658441770
1658441980
1658444498
1658444708
1658444918
1658445128
1658445338
1658445548
1658445758
1658445968
1658448279
1658448489
1658448699
1658448909
1658449119
1658449329
1658449539
1658449749
1658452060
1658452270
1658452480
1658452690
1658452900
1658453110
1658453320
1658453530
1658455840
1658456050
1658456261
1658456471
1658456680
1658456891
1658457100
1658457311
1658459831
1658460041
1658460251
1658460461
1658460671
1658460881
1658461091
1658461301
1658463612
1658463822
1658464032
1658464242
1658464452
1658464663
1658464873
1658465082
1658467392
1658467602
1658467812
1658468022
1658468457
1658468667
1658468878
1658471189
1658471399
1658471609
1658471819
1658472029
1658472240
1658472449
1658472660
1658475181
1658475391
1658475601
1658475811
1658476021
1658476231
1658476441
1658476651
1658478963
1658479173
1658479383
1658479593
1658479803
1658480013
1658480223
1658480433
1658482744
1658482954
1658483164
1658483374
1658483584
1658483795
1658484005
1658484215
1658486526
1658486736
1658486946
1658487156
1658487366
1658487576
1658487786
1658487996
1658490516
1658490726
1658490936
1658491146
1658491356
1658491566
1658491775
1658491985
1658494293
1658494503
1658494713
1658494923
1658495132
1658495342
1658495552
1658495762
1658508817
1658509027
1658509237
1658511756
1658511966
1658512176
1658512386
1658512596
1658512806
1658513016
1658513226
1658515534
1658515745
1658515955
1658516165
1658516375
1658516585
1658516795
1658517005
1658519316
1658519526
1658519736
1658519946
1658520156
1658520366
1658520576
1658520786
1658523094
1658523304
1658523514
1658523724
1658523934
1658524144
1658524354
1658524564
1658527084
1658527294
1658527503
1658527713
1658527923
1658528133
1658528343
1658528553
1658530864
1658531074
1658531284
1658531494
1658531705
1658531915
1658532125
1658532335
1658534642
1658534852
1658535062
1658535272
1658535481
1658535691
1658535901
1658536111
1658538418
1658538628
1658538838
1658539048
1658539258
1658539467
1658539677
1658542255
1658542465
1658542676
1658542886
1658543096
1658543305
1658543515
1658543725
1658543935
1658546243
1658546453
1658546662
1658546872
1658547082
1658547292
1658547502
1658547711
1658550022
1658550232
1658550442
1658550652
1658550862
1658551072
1658551282
1658551492
1658553800
1658554010
1658554220
1658554429
1658554639
1658554849
1658555059
1658555269
1658557786
1658557996
1658558206
1658558416
1658558626
1658558835
1658559045
1658559255
1658561563
1658561773
1658561983
1658562192
1658562402
1658562612
1658562822
1658563032
1658565339
1658565549
1658565759
1658565968
1658566178
1658566388
1658566598
1658566808
1658569115
1658569325
1658569535
1658569745
1658569955
1658570164
1658570374
1658570584
1658570793
1658573101
1658573311
1658573521
1658573731
1658573940
1658574150
1658574360
1658574570
1658576877
1658577087
1658577297
1658577507
1658577717
1658577926
1658578136
1658578346
1658580654
1658580863
1658581073
1658581283
1658581493
1658581703
1658581913
1658582123
1658584644
1658584854
1658585064
1658585274
1658585484
1658585694
1658588312
1658588522
1658588732
1658588942
1658589152
1658589361
1658589572
1658589782
1658589992
1658592512
1658592721
1658592931
1658593141
1658593351
1658593561
1658593771
1658593981
1658594192
1658594401
1658594611
1658596919
1658597129
1658597339
1658597549
1658597759
1658597969
1658598179
1658598389
1658600700
1658600910
1658601120
1658601330
1658601540
1658601750
1658601960
1658602170
1658604481
1658604691
1658604901
1658605111
1658605321
1658605531
1658605742
1658605952
1658608473
1658608683
1658608893
1658609103
1658609313
1658609523
1658609733
1658609943
1658612254
1658612464
1658612674
1658612884
1658613094
1658613304
1658613514
1658613724
1658616034
1658616244
1658616454
1658616664
1658616873
1658617083
1658617293
1658617503
1658620020
1658620230
1658620439
1658620649
1658620859
1658621069
1658621278
1658621488
1658623795
1658624005
1658624483
1658624693
1658624903
1658625113
1658625323
1658627634
1658627844
1658628054
1658628265
1658628474
1658628685
1658628895
1658629105
1658631415
1658631625
1658631835
1658632046
1658632256
1658632466
1658632676
1658632886
1658635197
1658635407
1658635617
1658635827
1658636037
1658636247
1658636457
1658636667
1658639187
1658639397
1658639607
1658639816
1658640026
1658640236
1658640446
1658640656
1658642965
1658643176
1658643386
1658643596
1658643806
1658644016
1658644226
1658644436
1658646746
1658646956
1658647166
1658647376
1658647586
1658647796
1658648006
1658648216
1658650526
1658650736
1658650946
1658651156
1658651366
1658651576
1658651786
1658651996
1658654516
1658654726
1658654936
1658655146
1658655356
1658655566
1658655776
1658655986
1658658296
1658658506
1658658716
1658658926
1658659136
1658659346
1658659556
1658659766
1658662076
1658662285
1658662495
1658662705
1658662915
1658663125
1658663335
1658663545
1658665855
1658666065
1658666275
1658666485
1658666695
1658666904
1658667114
1658667324
1658667534
1658675232
1658675442
1658675652
1658675862
1658676073
1658676283
1658676492
1658676702
1658676912
1658677123
1658679433
1658679642
1658679852
1658680062
1658680272
1658680481
1658680691
1658680901
1658683211
1658683421
1658683631
1658683841
1658684051
1658684261
1658684471
1658684681
1658686991
1658687201
1658687411
1658687620
1658687831
1658688041
1658688251
1658688461
1658690981
1658691191
1658691401
1658691611
1658691820
1658692031
1658692241
1658692451
1658694761
1658694971
1658695181
1658695391
1658695601
1658695811
1658696021
1658696231
1658698541
1658698751
1658698961
1658699171
1658699381
1658699591
1658699801
1658700011
1658702531
1658702741
1658702951
1658703162
1658703371
1658703581
1658703791
1658704001
1658706312
1658706522
1658706732
1658706942
1658707152
1658707361
1658707571
1658707781
1658710090
1658710299
1658710509
1658710719
1658710929
1658711138
1658711348
1658711558
1658714075
1658714285
1658714495
1658714705
1658714914
1658715124
1658715334
1658715544
1658717851
1658718061
1658718271
1658718481
1658718691
1658718901
1658719111
1658719321
1658721632
1658721842
1658722052
1658722262
1658722472
1658722681
1658722891
1658723101
1658725622
1658726101
1658726311
1658726521
1658726731
1658726941
1658729461
1658729671
1658729881
1658730091
1658730301
1658730511
1658730721
1658730931
1658733242
1658733452
1658733662
1658733872
1658734082
1658734292
1658734502
1658734712
1658737022
1658737232
1658737442
1658737652
1658737862
1658738072
1658738282
1658738492
1658740803
1658741013
1658741223
1658741433
1658741643
1658741852
1658742063
1658742273
1658742483
1658744793
1658745003
1658745213
1658745423
1658745633
1658745843
1658746053
1658746263
1658748573
1658748783
1658748993
1658749203
1658749413
1658749623
1658749833
1658750043
1658752353
1658752563
1658752773
1658752983
1658753193
1658753403
1658753613
1658753823
1658754033
1658756343
1658756553
1658756763
1658756973
1658757183
1658757393
1658757603
1658757813
1658760337
1658766123
1658766332
1658766542
1658766752
1658766962
1658767171
1658767381
1658767591
1658769844
1658770054
1658770264
1658770474
1658770684
1658770894
1658771104
1658771314
1658773833
1658774043
1658774253
1658774463
1658774673
1658774883
1658775093
1658775303
1658777613
1658777823
1658778034
1658778243
1658778453
1658778663
1658778873
1658779083
1658781394
1658781604
1658781814
1658782023
1658782233
1658782443
1658782653
1658782863
1658785170
1658785380
1658785590
1658785800
1658786009
1658786219
1658786429
1658786639
1658786848
1658789157
1658789367
1658789577
1658789787
1658789997
1658790207
1658790417
1658790627
1658792937
1658793147
1658793358
1658793568
1658793778
1658793987
1658794198
1658794408
1658796718
1658796928
1658797138
1658797348
1658797558
1658797768
1658797978
1658798188
1658798398
1658800709
1658800919
1658801129
1658801339
1658801549
1658801759
1658801969
1658802179
1658804489
1658804699
1658804909
1658805120
1658805330
1658805540
1658805750
1658805960
1658808266
1658808476
1658808686
1658808896
1658809106
1658809317
1658809527
1658809737
1658812257
1658812467
1658812677
1658812887
1658813097
1658813307
1658813517
1658813727
1658816037
1658816247
1658816457
1658816667
1658816877
1658817087
1658817297
1658817507
1658819818
1658820028
1658820238
1658820448
1658820658
1658820868
1658821078
1658821288
1658823598
1658823808
1658824018
1658824228
1658824438
1658824648
1658824858
1658825068
1658825278
1658827589
1658827799
1658828009
1658828219
1658828429
1658828639
1658828849
1658829059
1658831369
1658831578
1658831788
1658831999
1658832208
1658832418
1658832628
1658832839
1658835148
1658835358
1658835568
1658835778
1658835988
1658836198
1658836408
1658836618
1658839139
1658839349
1658839559
1658839769
1658839978
1658840188
1658840398
1658840608
1658842920
1658843130
1658843340
1658843550
1658843760
1658843970
1658844180
1658844390
1658846700
1658846910
1658847120
1658847329
1658847539
1658847749
1658847959
1658848168
1658850476
1658850685
1658850895
1658851105
1658851315
1658851525
1658851735
1658851945
1658854464
1658854673
1658854883
1658855093
1658855303
1658855513
1658855722
1658855932
1658858240
1658858449
1658858659
1658858869
1658859079
1658859288
1658859498
1658859708
1658862015
1658862225
1658862435
1658862645
1658862854
1658863064
1658863274
1658863484
1658865791
1658866001
1658866211
1658866420
1658866630
1658866840
1658867050
1658867260
1658867470
1658869780
1658869990
1658870200
1658870410
1658870620
1658870830
1658871040
1658871250
1658873561
1658873771
1658873981
1658874191
1658874401
1658874611
1658874822
1658875032
1658877342
1658877552
1658877763
1658877973
1658878183
1658878393
1658878603
1658878813
1658881168
1658881378
1658881588
1658881798
1658882008
1658882218
1658882428
1658882638
1658885157
1658885367
1658885577
1658885786
1658885996
1658886206
1658886416
1658886625
1658888933
1658889143
1658889352
1658889562
1658889772
1658889981
1658890191
1658890401
1658892708
1658892918
1658893128
1658893338
1658893548
1658893757
1658893967
1658894177
1658896484
1658896694
1658896904
1658897114
1658897323
1658897533
1658897743
1658897954
1658900474
1658900684
1658900894
1658901104
1658901314
1658901524
1658901734
1658901944
1658904255
1658904465
1658904675
1658904885
1658905095
1658905305
1658905515
1658905725
1658908036
1658908246
1658908456
1658908666
1658908876
1658909086
1658909296
1658909506
1658911816
1658912026
1658912236
1658912447
1658912657
1658912866
1658913076
1658913286
1658913497
1658915807
1658916017
1658916227
1658916437
1658916647
1658916857
1658917067
1658917277
1658919587
1658919797
1658920007
1658920217
1658920427
1658920637
1658920847
1658921057
1658923366
1658923576
1658923786
1658923996
1658924206
1658924416
1658924626
1658924836
1658927354
1658927564
1658927773
1658927983
1658928193
1658928403
1658928613
1658928822
1658931130
1658931339
1658931549
1658931760
1658931970
1658932180
1658932390
1658934701
1658934911
1658935120
1658935331
1658935541
1658935751
1658935961
1658936170
1658938481
1658938691
1658938901
1658939111
1658939321
1658939531
1658939741
1658939951
1658940161
1658942469
1658942679
1658942889
1658943098
1658943308
1658943518
1658943728
1658943937
1658946247
1658946458
1658946668
1658946878
1658947088
1658947298
1658947508
1658947718
1658950029
1658950239
1658950448
1658950659
1658950869
1658951079
1658951289
1658951499
1658953830
1658954040
1658954250
1658954459
1658954670
1658954880
1658955090
1658955300
1658955510
1658957820
1658958030
1658958240
1658958450
1658958660
1658958869
1658959080
1658959289
1658961667
1658961877
1658962087
1658962297
1658962507
1658962717
1658962927
1658963137
1658965445
1658965654
1658965864
1658966074
1658966284
1658966495
1658966704
1658966915
1658969225
1658969435
1658969645
1658969855
1658970065
1658970275
1658970485
1658970694
1658973215
1658973425
1658973635
1658973845
1658974055
1658974265
1658974475
1658974685
1658976996
1658977206
1658977416
1658977626
1658977836
1658978046
1658978256
1658978466
1658980940
1658981150
1658981360
1658981570
1658981780
1658981990
1658982200
1658984720
1658984930
1658985140
1658985350
1658985560
1658985771
1658985981
1658986191
1658988501
1658988711
1658988921
1658989131
1658989341
1658989552
1658989762
1658989972
1658992282
1658992492
1658992702
1658992912
1658993122
1658993332
1658993542
1658993752
1658996062
1658996272
1658996482
1658996692
1658996902
1658997112
1658997322
1658997532
1658997742
1659000052
1659000262
1659000472
1659000682
1659000892
1659001102
1659001312
1659001522
1659003832
1659004042
1659004252
1659004462
1659004672
1659004882
1659005092
1659005302
1659007612
1659007822
1659008032
1659008242
1659008452
1659008662
1659008872
1659009082
1659011602
1659011811
1659012022
1659012232
1659012442
1659012651
1659012862
1659013071
1659015382
1659015592
1659015802
1659016012
1659016222
1659016432
1659016642
1659016852
1659019162
1659019372
1659019582
1659019791
1659020001
1659020212
1659020422
1659020632
1659023152
1659023362
1659023572
1659023782
1659023992
1659024202
1659024412
1659024622
1659026930
1659027140
1659027350
1659027560
1659027770
1659027980
1659028190
1659028399
1659030708
1659030918
1659031128
1659031338
1659031547
1659031757
1659031967
1659032178
1659034699
1659034908
1659035118
1659035328
1659035538
1659035748
1659035958
1659036168
1659038476
1659038686
1659038895
1659039105
1659039315
1659039525
1659039735
1659039944
1659042252
1659042462
1659042672
1659042882
1659043092
1659043302
1659043511
1659043721
1659046383
1659046593
1659046803
1659047013
1659047223
1659047433
1659047643
1659049952
1659050162
1659050372
1659050582
1659050792
1659051002
1659051212
1659051422
1659053942
1659054152
1659054362
1659054572
1659054782
1659054992
1659055202
1659055412
1659057722
1659057932
1659058142
1659058352
1659058562
1659058772
1659058982
1659059192
1659061503
1659061713
1659061923
1659062133
1659062343
1659062553
1659062763
1659062973
1659065492
1659065860
1659066070
1659066280
1659066490
1659066700
1659066910
1659069220
1659069430
1659069640
1659069850
1659070061
1659070270
1659070481
1659070690
1659072999
1659073209
1659073419
1659073629
1659073839
1659074049
1659074259
1659074470
1659076989
1659077199
1659077409
1659077619
1659077829
1659078039
1659078249
1659078459
1659080769
1659080978
1659081189
1659081398
1659081608
1659081818
1659082028
1659082238
1659084548
1659084758
1659084968
1659085178
1659085388
1659085598
1659085808
1659086019
1659088328
1659088538
1659088748
1659088958
1659089168
1659089378
1659089588
1659089798
1659092317
1659092527
1659092737
1659092947
1659093157
1659093367
1659093577
1659093787
1659096097
1659096307
1659096517
1659096727
1659096937
1659097147
1659097357
1659097567
1659099877
1659100087
1659100297
1659100507
1659100717
1659100927
1659101137
1659101347
1659103656
1659103866
1659104076
1659104286
1659104496
1659104705
1659104915
1659105125
1659105335
1659107643
1659107852
1659108062
1659108272
1659108482
1659108691
1659108901
1659109111
1659111418
1659111628
1659111837
1659112047
1659112257
1659112466
1659112676
1659112886
1659115194
1659115404
1659115613
1659115823
1659116033
1659116243
1659116453
1659116663
1659116874
1659117084
1659119394
1659119604
1659119814
1659120024
1659120234
1659120444
1659120654
1659120864
1659123174
1659123383
1659123593
1659123803
1659124013
1659124222
1659124432
1659124642
1659127160
1659127370
1659127580
1659127789
1659127999
1659128209
1659128419
1659128629
1659130939
1659131149
1659131360
1659131570
1659131781
1659131991
1659132202
1659132412
1659134724
1659134934
1659135406
1659135616
1659135827
1659136037
1659136247
1659138560
1659138771
1659138981
1659139191
1659139402
1659139612
1659139823
1659140033
1659142347
1659142558
1659142768
1659142978
1659143189
1659143399
1659143610
1659143820
1659146135
1659146345
1659146555
1659146766
1659146976
1659147187
1659147397
1659147607
1659147818
1659150132
1659150342
1659150553
1659150763
1659150973
1659151184
1659151394
1659151605
1659154003
1659154214
1659154424
1659154634
1659154844
1659155054
1659155264
1659155474
1659157784
1659157994
1659158204
1659158414
1659158624
1659158834
1659159044
1659159254
1659161564
1659161774
1659161984
1659162194
1659162404
1659162613
1659162823
1659163033
1659165340
1659165550
1659165760
1659165969
1659166179
1659166389
1659166599
1659166808
1659169325
1659169535
1659169745
1659169955
1659170164
1659170374
1659170584
1659170794
1659173101
1659173310
1659173520
1659173730
1659173940
1659174149
1659174359
1659174569
1659176876
1659177086
1659177296
1659177505
1659177715
1659177925
1659178135
1659178344
1659180861
1659181071
1659181281
1659181490
1659181700
1659181910
1659182120
1659182330
1659184637
1659184846
1659185056
1659185266
1659185476
1659185685
1659185895
1659186105
1659188412
1659188622
1659188832
1659189042
1659189253
1659189462
1659189672
1659189883
1659192193
1659192403
1659192613
1659192823
1659193032
1659193242
1659193452
1659193662
1659193872
1659194082
1659194291
1659194501
1659194711
1659197232
1659197442
1659197652
1659197862
1659198071
1659198281
1659198491
1659198700
1659201008
1659201218
1659201427
1659201637
1659201847
1659202057
1659202267
1659202476
1659204787
1659204997
1659205207
1659205417
1659205627
1659205837
1659206047
1659206257
1659208568
1659208778
1659208988
1659209198
1659209408
1659209618
1659209828
1659210038
1659212558
1659212769
1659212979
1659213189
1659213398
1659213608
1659213818
1659214028
1659216335
1659216545
1659216755
1659216965
1659217174
1659217384
1659217594
1659217804
1659220215
1659220425
1659220634
1659220844
1659221054
1659221264
1659221474
1659221684
1659223994
1659224204
1659224414
1659224624
1659224834
1659225044
1659225254
1659225464
1659227774
1659227984
1659228194
1659228403
1659228613
1659228823
1659229033
1659229243
1659231554
1659231764
1659231974
1659232185
1659232395
1659232605
1659232815
1659233025
1659233235
1659235546
1659235756
1659235966
1659236176
1659236386
1659236596
1659236805
1659237015
1659239326
1659239536
1659239746
1659239956
1659240166
1659240376
1659240586
1659240796
1659243201
1659243411
1659243621
1659243830
1659244040
1659244250
1659244460
1659244669
1659246977
1659247186
1659247396
1659247606
1659247816
1659248025
1659248235
1659248445
1659250752
1659250962
1659251172
1659251381
1659251591
1659251801
1659252011
1659252221
1659254738
1659254948
1659255158
1659255367
1659255577
1659255787
1659255997
1659256206
1659258514
1659258724
1659258933
1659259143
1659259353
1659259562
1659259772
1659259982
1659262289
1659262499
1659262709
1659262918
1659263128
1659263338
1659263547
1659263757
1659266064
1659266274
1659266484
1659266694
1659266903
1659267113
1659267323
1659267532
1659267742
1659270050
1659270259
1659270469
1659270679
1659270889
1659271098
1659271308
1659271518
1659273826
1659274036
1659274246
1659274456
1659274666
1659274875
1659275086
1659275296
1659277606
1659277816
1659278027
1659278236
1659278446
1659278656
1659278866
1659279076
1659281593
1659281803
1659282013
1659282223
1659282433
1659282643
1659282854
1659283064
1659285373
1659285583
1659285793
1659286003
1659286213
1659286423
1659286633
1659286843
1659289153
1659289363
1659289573
1659289783
1659289993
1659290203
1659290413
1659290623
1659292934
1659293144
1659293354
1659293564
1659293774
1659293984
1659294194
1659294404
1659296924
1659297134
1659297344
1659297555
1659297765
1659297975
1659298185
1659298395
1659300704
1659300914
1659301124
1659301334
1659301543
1659301753
1659301963
1659302173
1659304480
1659304689
1659304899
1659305109
1659305318
1659305528
1659305738
1659305947
1659308255
1659308465
1659308675
1659308885
1659309095
1659309305
1659309515
1659309725
1659309935
1659312246
1659312456
1659312665
1659312875
1659313085
1659313296
1659313505
1659313716
1659316026
1659316236
1659316446
1659316656
1659316866
1659317076
1659317286
1659317496
1659319806
1659320016
1659320226
1659320436
1659320646
1659320856
1659321066
1659321276
1659323611
1659323821
1659324031
1659324242
1659324452
1659324662
1659324872
1659325082
1659327604
1659327814
1659328025
1659328235
1659328445
1659328655
1659328865
1659329076
1659331388
1659331598
1659331808
1659332018
1659332229
1659332439
1659332649
1659332859
1659335167
1659335376
1659335586
1659335796
1659336006
1659336216
1659336425
1659336635
1659338943
1659339153
1659339362
1659339572
1659339782
1659339992
1659340202
1659340411
1659340621
1659342929
1659343139
1659343349
1659343558
1659343768
1659343978
1659344188
1659344398
1659346705
1659346915
1659347125
1659347335
1659347544
1659347754
1659347964
1659348174
1659350482
1659350691
1659350901
1659351111
1659351321
1659351531
1659351740
1659351950
1659354468
1659354678
1659354887
1659355097
1659355307
1659355517
1659355726
1659355936
1659358244
1659358454
1659358663
1659358873
1659359083
1659359293
1659359503
1659359712
1659362020
1659362230
1659362440
1659362649
1659362859
1659363069
1659363279
1659363488
1659365796
1659366006
1659366217
1659366427
1659366637
1659366847
1659367058
1659367268
1659367478
1659369790
1659370000
1659370211
1659370421
1659370631
1659370841
1659371051
1659371261
1659373574
1659373784
1659373994
1659374204
1659374414
1659374624
1659374834
1659375045
1659377357
1659377567
1659377778
1659377988
1659378198
1659378409
1659378619
1659378829
1659381141
1659381351
1659381561
1659381771
1659381981
1659382192
1659382402
1659382612
1659385135
1659385345
1659385555
1659385765
1659385976
1659386186
1659386396
1659386606
1659388919
1659389130
1659389340
1659389550
1659389760
1659389971
1659390181
1659390391
1659392703
1659392914
1659393124
1659393334
1659393544
1659393754
1659393965
1659394175
1659396487
1659396697
1659396907
1659397117
1659397327
1659397538
1659397748
1659397958
1659398168
1659400479
1659400689
1659400900
1659401110
1659401320
1659401530
1659401740
1659401950
1659404261
1659404471
1659404681
1659404892
1659405102
1659405312
1659405522
1659405732
1659408044
1659408255
1659408465
1659408675
1659408885
1659409094
1659409304
1659409514
1659411999
1659412209
1659412419
1659412629
1659412840
1659413050
1659413260
1659413470
1659415782
1659415992
1659416202
1659416412
1659416622
1659416833
1659417043
1659417253
1659419565
1659419775
1659419985
1659420196
1659420406
1659420616
1659420826
1659421037
1659423348
1659423559
1659423769
1659423979
1659424189
1659424400
1659424610
1659424820
1659425031
1659427343
1659427553
1659427764
1659427973
1659428184
1659428394
1659428604
1659428814
1659431127
1659431337
1659431547
1659431757
1659431967
1659432177
1659432387
1659432598
1659434910
1659435120
1659435330
1659435540
1659435751
1659435961
1659436171
1659436381
1659438693
1659438903
1659439114
1659439324
1659439534
1659439744
1659439954
1659440164
1659442687
1659442897
1659443108
1659443318
1659443527
1659443737
1659443947
1659444157
1659446465
1659446674
1659446884
1659447094
1659447304
1659447514
1659447724
1659447933
1659450241
1659450451
1659450661
1659450871
1659451080
1659451291
1659451500
1659451710
1659454022
1659454232
1659454442
1659454652
1659454862
1659455072
1659455282
1659455492
1659455702
1659458014
1659458224
1659458434
1659458645
1659458855
1659459065
1659459275
1659459486
1659461797
1659462007
1659462218
1659462428
1659462638
1659462848
1659463059
1659463269
1659465581
1659465791
1659466001
1659466211
1659466421
1659466632
1659466842
1659467052
1659469364
1659469574
1659469785
1659469995
1659470205
1659470415
1659470625
1659470835
1659471046
1659473358
1659473568
1659473778
1659473989
1659474199
1659474409
1659474619
1659474830
1659477142
1659477353
1659477562
1659477773
1659477983
1659478193
1659478404
1659478614
1659480926
1659481136
1659481346
1659481556
1659481767
1659481977
1659482187
1659482397
1659484710
1659484920
1659485130
1659485340
1659485550
1659485760
1659485971
1659486181
1659486391
1659488702
1659488913
1659489123
1659489333
1659489543
1659489753
1659489963
1659490173
1659492485
1659492694
1659492904
1659493115
1659493325
1659493535
1659493745
1659493955
1659496543
1659496753
1659496963
1659497174
1659497384
1659497594
1659497804
1659500114
1659500324
1659500534
1659500743
1659500953
1659501163
1659501373
1659501583
1659504100
1659504310
1659504520
1659504730
1659504939
1659505149
1659505359
1659505569
1659507877
1659508087
1659508296
1659508506
1659508716
1659508930
1659509145
1659509359
1659511715
1659511929
1659512143
1659512358
1659512572
1659512786
1659513000
1659513213
1659515569
1659515783
1659515997
1659516211
1659516425
1659516639
1659516854
1659517068
1659519425
1659519639
1659519853
1659520067
1659520280
1659520495
1659520708
1659520922
1659523276
1659523490
1659523704
1659523917
1659524131
1659524345
1659524559
1659526913
1659527127
1659527341
1659527555
1659527768
1659527982
1659528196
1659528410
1659530797
1659531021
1659531244
1659531467
1659531691
1659531914
1659532138
1659532351
1659534707
1659534921
1659535135
1659535349
1659535564
1659535777
1659535991
1659536204
1659538792
1659539003
1659539213
1659539424
1659539635
1659539845
1659540056
1659543005
1659543216
1659543427
1659545744
1659545954
1659546165
1659546376
1659546586
1659546797
1659547008
1659547218
1659549675
1659549886
1659550097
1659550307
1659550517
1659550728
1659550938
1659551149
1659553463
1659553674
1659553884
1659554094
1659554305
1659554515
1659554726
1659554936
1659557251
1659557461
1659557672
1659557882
1659558092
1659558303
1659558513
1659558724
1659561038
1659561248
1659561459
1659561670
1659561880
1659562091
1659562302
1659562512
1659565040
1659565251
1659565462
1659565672
1659565883
1659566094
1659566304
1659566515
1659568833
1659569044
1659569254
1659569465
1659569676
1659569886
1659570097
1659570308
1659572625
1659572836
1659573046
1659573257
1659573468
1659573678
1659573889
1659574100
1659576417
1659576628
1659576839
1659577049
1659577260
1659577471
1659577681
1659577892
1659580210
1659580420
1659580631
1659580842
1659581052
1659581263
1659581474
1659581684
1659584213
1659584423
1659584634
1659584845
1659585299
1659585510
1659585721
1659588037
1659588248
1659588459
1659588669
1659588880
1659589091
1659589301
1659589512
1659591830
1659592041
1659592251
1659592462
1659592673
1659592883
1659593093
1659593304
1659595619
1659595829
1659596040
1659596250
1659596460
1659596671
1659596881
1659597092
1659599407
1659599617
1659599828
1659600038
1659600249
1659600459
1659600669
1659600880
1659603405
1659603616
1659603826
1659604037
1659604247
1659604458
1659604668
1659604879
1659607194
1659607404
1659607615
1659607825
1659608036
1659608246
1659608457
1659608667
1659610982
1659611192
1659611403
1659611613
1659611824
1659612034
1659612244
1659612455
1659614770
1659614980
1659615190
1659615401
1659615611
1659615822
1659616032
1659616242
1659618770
1659618981
1659619191
1659619402
1659619613
1659619824
1659620035
1659620245
1659622564
1659622774
1659622984
1659623195
1659623405
1659623616
1659623826
1659624037
1659626353
1659626564
1659626774
1659626985
1659627196
1659627407
1659627617
1659627828
1659630146
1659630356
1659630567
1659630778
1659630989
1659631199
1659631410
1659631621
1659633938
1659634149
1659634360
1659634570
1659634781
1659634992
1659635203
1659635413
1659637942
1659638153
1659638363
1659638574
1659638785
1659638995
1659639206
1659639417
1659641734
1659641945
1659642156
1659642367
1659642577
1659642788
1659642999
1659643209
1659645526
1659645736
1659645947
1659646158
1659646369
1659646579
1659646790
1659647001
1659649317
1659649527
1659649738
1659649948
1659650159
1659650370
1659650580
1659650791
1659653108
1659653319
1659653529
1659653740
1659653951
1659654162
1659654372
1659654583
1659657112
1659657323
1659657534
1659657745
1659657955
1659658166
1659658377
1659658587
1659660906
1659661116
1659661327
1659661538
1659661748
1659661959
1659662170
1659662380
1659664725
1659664936
1659665147
1659665358
1659665568
1659665779
1659665990
1659666200
1659668518
1659668729
1659668940
1659669150
1659669361
1659669572
1659669783
1659669993
1659672311
1659672522
1659672733
1659672943
1659673154
1659673365
1659673575
1659673786
1659676105
1659676315
1659676526
1659676737
1659676948
1659677158
1659677369
1659677580
1659677790
1659680108
1659680319
1659680530
1659680740
1659680951
1659681162
1659681373
1659681583
1659683901
1659684112
1659684323
1659684533
1659684744
1659684955
1659685166
1659685376
1659687694
1659687905
1659688116
1659688326
1659688537
1659688748
1659688959
1659689169
1659691487
1659691698
1659691909
1659692120
1659692330
1659692541
1659692752
1659692963
1659695491
1659695702
1659695912
1659696123
1659696334
1659696544
1659696755
1659696966
1659699284
1659699495
1659699705
1659699916
1659700127
1659700337
1659700548
1659700759
1659703076
1659703287
1659703498
1659703709
1659703919
1659704130
1659704341
1659704551
1659706867
1659707078
1659707288
1659707499
1659707709
1659707920
1659708130
1659708341
1659710658
1659710868
1659711079
1659711290
1659711501
1659711711
1659711922
1659712133
1659714661
1659714872
1659715083
1659715293
1659715794
1659716114
1659718680
1659719001
1659719642
1659719963
1659722529
1659722850
1659723491
1659723812
1659726378
1659726699
1659727340
1659730328
1659730648
1659731290
1659734177
1659734497
1659735138
1659738023
1659738344
1659738986
1659741873
1659742194
1659742835
1659745719
1659746040
1659746681
1659749565
1659749886
1659750527
1659753411
1659753731
1659754372
1659757256
1659757577
1659758218
1659760521
1659760842
1659761483
1659761804
1659764371
1659764691
1659765333
1659765654
1659768220
1659768541
1659769183
1659769504
1659772070
1659772391
1659773033
1659773353
1659775920
1659776241
1659776883
1659777204
1659779770
1659780091
1659780732
1659781053
1659783619
1659783940
1659784582
1659784903
1659787469
1659787790
1659788431
1659788752
1659791318
1659791639
1659792281
1659792601
1659795167
1659795488
1659796130
1659796451
1659799017
1659799338
1659799979
1659800300
1659801904
1659802225
1659804791
1659805111
1659805753
1659806073
1659808638
1659808958
1659809599
1659809920
1659812484
1659812804
1659813445
1659813766
1659816330
1659816651
1659817293
1659817614
1659820180
1659820501
1659821143
1659821463
1659824030
1659824351
1659824992
1659825313
1659827879
1659828200
1659828842
1659829162
1659831726
1659832047
1659832687
1659833008
1659835572
1659835893
1659836534
1659836854
1659839418
1659839739
1659840380
1659840701
1659841342
1659841662
1659842239
1659842560
1659843201
1659843522
1659844163
1659844484
1659845125
1659845446
1659846087
1659846408
1659847049
1659847370
1659848011
1659848332
1659848973
1659849293
1659849935
1659850255
1659850896
1659851217
1659851858
1659852179
1659852820
1659853141
1659853782
1659854102
1659854743
1659855064
1659855706
1659856026
1659856667
1659856988
1659857629
1659857950
1659858591
1659858911
1659859552
1659859873
1659860514
1659860835
1659861476
1659861796
1659862438
1659862758
1659863400
1659863720
1659864361
1659864682
1659865323
1659865644
1659866285
1659866605
1659867246
1659867567
1659868208
1659868529
1659869170
1659869490
1659870131
1659870452
1659871093
1659871414
1659872055
1659872375
1659873016
1659873337
1659873978
1659874299
1659874940
1659875260
1659875901
1659876222
1659876863
1659877184
1659877825
1659878146
1659878787
1659879107
1659879749
1659880069
1659880711
1659881032
1659881674
1659881995
1659882636
1659882957
1659883599
1659883919
1659884560
1659884881
1659886484
1659888728
1659889370
1659889690
1659890332
1659892577
1659893219
1659893540
1659894181
1659896427
1659897068
1659897389
1659898031
1659900276
1659900917
1659901238
1659901880
1659904125
1659904767
1659905087
1659905729
1659907974
1659908616
1659908937
1659909578
1659911823
1659912465
1659912786
1659913427
1659915672
1659916313
1659916634
1659919521
1659920162
1659920483
1659923369
1659924011
1659924332
1659927346
1659927988
1659928308
1659931196
1659931837
1659932157
1659935042
1659935683
1659936003
1659938887
1659939528
1659939849
1659942733
1659943374
1659943694
1659946579
1659947220
1659947540
1659950104
1659950424
1659951065
1659951386
1659953949
1659954270
1659954911
1659955231
1659957795
1659958116
1659958757
1659959077
1659961641
1659961962
1659962602
1659962923
1659965487
1659965807
1659966448
1659966769
1659972979
1659975866
1659976187
1659976828
1659979715
1659980036
1659980677
1659982923
1659983564
1659983885
1659984526
1659986771
1659987413
1659987733
1659988375
1659990621
1659991262
1659991583
1659992225
1659994470
1659995112
1659995432
1659996074
1659998320
1659998961
1659999282
1659999924
1660002169
1660002811
1660003132
1660003773
1660006019
1660006660
1660006981
1660009868
1660010510
1660010831
1660013904
1660014545
1660014866
1660017754
1660018395
1660018715
1660021279
1660021599
1660022240
1660022561
1660025124
1660025445
1660026086
1660026406
1660028970
1660029290
1660029931
1660030252
1660032815
1660033136
1660033777
1660034097
1660036662
1660036982
1660037623
1660037943
1660040507
1660040828
1660041469
1660041789
1660044353
1660044673
1660045314
1660045635
1660048198
1660048519
1660049160
1660049481
1660052047
1660052368
1660053009
1660053329
1660055894
1660056214
1660056855
1660057176
1660060221
1660060542
1660061183
1660064069
1660064390
1660065032
1660067918
1660068239
1660068881
1660071126
1660071767
1660072088
1660072729
1660075268
1660075910
1660076230
1660078795
1660079116
1660079757
1660080078
1660082643
1660082964
1660083605
1660083926
1660086699
1660087340
1660087661
1660090780
1660091101
1660091742
1660094629
1660094950
1660095592
1660098479
1660098800
1660099442
1660102536
1660102857
1660103499
1660105742
1660106383
1660106704
1660107345
1660109597
1660110238
1660110559
1660141535
1660141856
1660144421
1660144939
1660145260
1660147922
1660148243
1660148885
1660149206
1660151772
1660152093
1660152735
1660153056
1660155621
1660155942
1660156583
1660156904
1660159470
1660159791
1660160433
1660160753
1660163319
1660163640
1660164281
1660164602
1660167168
1660167489
1660168191
1660168512
1660171077
1660171398
1660172040
1660172361
1660174928
1660175248
1660175890
1660176211
1660186264
1660186906
1660187227
1660187869
1660190114
1660190755
1660191076
1660191718
1660193964
1660194606
1660194927
1660197814
1660198742
1660199063
1660201628
1660201949
1660202590
1660202911
1660205477
1660205798
1660206439
1660206760
1660209326
1660209646
1660210288
1660210609
1660213174
1660213495
1660214137
1660214457
1660217023
1660217344
1660217985
1660218306
1660220872
1660221192
1660221834
1660222154
1660224720
1660225041
1660225683
1660226003
1660228569
1660228890
1660229532
1660229852
1660232417
1660232738
1660233379
1660233700
1660236265
1660236586
1660237227
1660237547
1660240111
1660240432
1660241394
1660244281
1660244922
1660245242
1660248127
1660248767
1660249088
1660251975
1660252616
1660252936
1660255822
1660256463
1660256784
1660259669
1660260310
1660260631
1660263515
1660264156
1660264477
1660267363
1660268005
1660268326
1660271213
1660271854
1660272175
1660275063
1660275705
1660276025
1660276988
1660277630
1660277951
1660278592
1660278913
1660279555
1660279876
1660280517
1660280838
1660281480
1660281801
1660282442
1660282763
1660283405
1660283726
1660284367
1660284688
1660285330
1660285650
1660286292
1660286612
1660287254
1660287575
1660288216
1660288537
1660289179
1660289499
1660290141
1660290462
1660291103
1660291424
1660292066
1660292386
1660293028
1660293349
1660293990
1660294311
1660294953
1660295274
1660295915
1660296236
1660296878
1660297198
1660297840
1660298161
1660298802
1660299123
1660299764
1660300085
1660300727
1660301048
1660301689
1660302010
1660302651
1660302972
1660303614
1660303934
1660304576
1660304897
1660305538
1660305859
1660306501
1660306822
1660307463
1660307784
1660308426
1660308746
1660309388
1660309709
1660310351
1660310671
1660311313
1660311634
1660312565
1660312886
1660313528
1660313849
1660315710
1660318598
1660319239
1660319560
1660322446
1660323087
1660323407
1660326292
1660327120
1660327441
1660330007
1660330328
1660330860
1660331181
1660334067
1660334709
1660335030
1660337915
1660338302
1660338623
1660339265
1660349297
1660349939
1660350259
1660353147
1660353788
1660354109
1660356996
1660357638
1660357959
1660360680
1660361001
1660361830
1660362151
1660364718
1660365039
1660365680
1660366001
1660368568
1660368888
1660369529
1660369850
1660372414
1660372734
1660373375
1660373696
1660376260
1660376580
1660377221
1660377542
1660380106
1660380426
1660381067
1660381388
1660383952
1660384272
1660384913
1660385234
1660387798
1660388118
1660388759
1660389080
1660391643
1660391964
1660392605
1660392925
1660395489
1660395809
1660396450
1660396771
1660399336
1660399656
1660400297
1660400618
1660403184
1660403504
1660404145
1660404466
1660407031
1660407352
1660407993
1660408314
1660410879
1660411199
1660411840
1660412161
1660414965
1660415286
1660415927
1660418813
1660419134
1660419775
1660422661
1660422982
1660423623
1660426508
1660426828
1660427470
1660430355
1660430676
1660431317
1660433561
1660434202
1660434523
1660435165
1660437411
1660438052
1660438373
1660439015
1660441261
1660441903
1660442223
1660442865
1660445111
1660445753
1660446074
1660446715
1660448962
1660449603
1660449924
1660450566
1660452812
1660453454
1660453774
1660454416
1660456662
1660457304
1660457625
1660460513
1660461155
1660461476
1660464363
1660465004
1660465325
1660468212
1660468853
1660469174
1660472061
1660472703
1660473024
1660475911
1660476552
1660476873
1660479760
1660480402
1660480723
1660483610
1660484251
1660484572
1660487606
1660487927
1660488569
1660488890
1660491454
1660491774
1660492416
1660492737
1660495303
1660495624
1660496266
1660496586
1660499153
1660499474
1660500116
1660500437
1660503004
1660503325
1660503967
1660504287
1660506853
1660507174
1660507815
1660510701
1660511021
1660511662
1660514549
1660514870
1660515512
1660518399
1660518720
1660519362
1660522249
1660522570
1660523212
1660526100
1660526421
1660527062
1660529950
1660530271
1660530913
1660533800
1660534121
1660534763
1660537649
1660537970
1660538611
1660541496
1660541816
1660542457
1660545343
1660545663
1660546304
1660549189
1660549510
1660550151
1660553036
1660553356
1660553998
1660556882
1660557203
1660557843
1660560728
1660561048
1660561689
1660564573
1660564894
1660565535
1660568421
1660568742
1660569383
1660572269
1660572590
1660573232
1660575792
1660576113
1660576754
1660577075
1660579641
1660579962
1660580604
1660580925
1660583491
1660583811
1660584452
1660584773
1660587337
1660587658
1660588299
1660588620
1660594909
1660595229
1660595869
1660596189
1660598748
1660599122
1660599442
1660600082
1660602960
1660603280
1660603919
1660606796
1660607116
1660607755
1660610633
1660610953
1660611592
1660614471
1660614792
1660615432
1660618312
1660618632
1660619272
1660622151
1660622471
1660623110
1660625991
1660626311
1660626951
1660629366
1660630006
1660630325
1660630965
1660633202
1660633842
1660634162
1660634801
1660637039
1660637678
1660637998
1660638637
1660640875
1660641515
1660641834
1660642474
1660644712
1660645351
1660645671
1660646310
1660648548
1660649187
1660649507
1660650146
1660652384
1660653024
1660653343
1660653983
1660656222
1660656862
1660657182
1660657822
1660660062
1660660701
1660661021
1660664126
1660664766
1660665085
1660667965
1660668605
1660668925
1660672041
1660672361
1660673001
1660675881
1660676201
1660676841
1660679720
1660680040
1660680679
1660683556
1660683876
1660684516
1660687393
1660687713
1660688352
1660691232
1660691552
1660692192
1660695071
1660695391
1660696031
1660698911
1660699231
1660699870
1660702751
1660703071
1660703711
1660704031
1660704671
1660704991
1660705630
1660705951
1660706590
1660706910
1660707549
1660707869
1660708509
1660708828
1660709468
1660709788
1660710428
1660710748
1660711388
1660711708
1660712348
1660712668
1660713628
1660714267
1660714587
1660715227
1660716773
1660717093
1660717413
1660717733
1660718053
1660718373
1660718693
1660719013
1660719333
1660719653
1660719972
1660720292
1660720612
1660720932
1660721252
1660721572
1660721893
1660722213
1660722533
1660722853
1660723173
1660723493
1660723813
1660724133
1660724453
1660724773
1660725093
1660725413
1660725733
1660726053
1660726373
1660726693
1660727013
1660727333
1660727653
1660727973
1660728293
1660728613
1660728933
1660729253
1660729573
1660729893
1660730213
1660730533
1660730853
1660731173
1660731493
1660731813
1660732133
1660732453
1660732773
1660733093
1660733413
1660733733
1660734053
1660734373
1660734693
1660735013
1660735333
1660735653
1660735973
1660736293
1660736613
1660736933
1660737253
1660737573
1660737893
1660738213
1660738533
1660738853
1660739172
1660739492
1660739813
1660740133
1660740453
1660740773
1660742582
1660742902
1660743112
1660743752
1660743962
1660746512
1660746721
1660747041
1660747251
1660747891
1660750651
1660750861
1660751181
1660751391
1660754150
1660754790
1660754999
1660755319
1660755529
1660758078
1660758288
1660758928
1660759137
1660759457
1660761685
1660761895
1660762214
1660762424
1660763063
1660763273
1660765822
1660766032
1660766352
1660766562
1660767202
1660769961
1660770171
1660770491
1660770701
1660773248
1660773457
1660774097
1660774307
1660774626
1660774836
1660777065
1660777385
1660777595
1660778235
1660778445
1660780867
1660781076
1660781716
1660781926
1660782246
1660782456
1660785006
1660785215
1660785855
1660786064
1660786384
1660788612
1660788821
1660789141
1660789351
1660789990
1660790520
1660790729
1660793486
1660794126
1660794335
1660794655
1660794865
1660797412
1660797621
1660798261
1660798470
1660798790
1660801272
1660801482
1660802122
1660802331
1660802651
1660804879
1660805088
1660805408
1660805618
1660806257
1660806467
1660809014
1660809223
1660809543
1660809753
1660812509
1660813149
1660813358
1660813678
1660813888
1660816435
1660816645
1660817284
1660817494
1660817813
1660820250
1660820570
1660820780
1660821419
1660821629
1660824176
1660824385
1660824705
1660824915
1660825554
1660828311
1660828520
1660828840
1660829050
1660831966
1660832176
1660832496
1660832705
1660836103
1660836313
1660836632
1660836842
1660839948
1660840158
1660840478
1660840688
1660843235
1660843445
1660844084
1660844294
1660844613
1660844823
1660847051
1660847370
1660847580
1660848219
1660848429
1660850979
1660851188
1660851508
1660851718
1660852358
1660855118
1660855328
1660855648
1660855857
1660865116
1660865757
1660866077
1660868959
1660869599
1660869919
1660872797
1660873438
1660873758
1660915373
1660915693
1660915903
1660918660
1660919299
1660919509
1660919828
1660920038
1660922585
1660922795
1660923435
1660923645
1660923965
1660924175
1660924815
1660925024
1660928001
1660928210
1660928530
1660928740
1660931289
1660931499
1660932139
1660932349
1660932668
1660932878
1660935108
1660935429
1660935639
1660936279
1660936490
1660939042
1660939252
1660939572
1660939782
1660940423
1660943021
1660943231
1660943551
1660944321
1660947083
1660947293
1660947613
1660947823
1660950585
1660951226
1660951436
1660951756
1660951966
1660954516
1660954726
1660955366
1660955575
1660955895
1660958124
1660958334
1660958655
1660958865
1660959505
1660959716
1660962267
1660962478
1660962798
1660963008
1660965771
1660966411
1660966622
1660966942
1660967152
1660969705
1660969915
1660970556
1660970766
1660971087
1660973530
1660973850
1660974060
1660974701
1660974911
1660977463
1660977673
1660977994
1660978204
1660978844
1660981607
1660981817
1660982137
1660982346
1660985104
1660985744
1660985954
1660986274
1660986483
1660989032
1660989242
1660989881
1660990091
1660990411
1660992639
1660992849
1660993169
1660993378
1660994018
1660994228
1660996776
1660996986
1660997306
1660997515
1661000273
1661000913
1661001123
1661001443
1661001652
1661004200
1661004410
1661005050
1661005260
1661005580
1661008020
1661008340
1661008550
1661009190
1661009400
1661009720
1661009930
1661013189
1661013399
1661013719
1661013929
1661016688
1661017327
1661017537
1661017857
1661018067
1661020616
1661020825
1661021465
1661021675
1661021995
1661024396
1661024606
1661025246
1661025456
1661025776
1661028215
1661028535
1661028745
1661029385
1661029595
1661031873
1661032512
1661032722
1661033041
1661033251
1661035798
1661036008
1661036647
1661036857
1661037177
1661037386
1661039766
1661039976
1661040891
1661041101
1661043650
1661043860
1661044180
1661044390
1661045030
1661047790
1661047999
1661048319
1661048529
1661051079
1661051289
1661051929
1661052139
1661052459
1661052669
1661054919
1661055239
1661055449
1661056089
1661056299
1661058848
1661059058
1661059378
1661059588
1661060228
1661062988
1661063198
1661063518
1661063728
1661066487
1661067127
1661067337
1661067657
1661067867
1661070416
1661070626
1661071266
1661071476
1661071796
1661074235
1661074555
1661074765
1661075405
1661075615
1661078164
1661078374
1661078694
1661078904
1661079544
1661082303
1661082513
1661082833
1661083043
1661085647
1661085857
1661086497
1661086706
1661087026
1661087236
1661089465
1661089785
1661089995
1661090635
1661090845
1661093394
1661093604
1661093924
1661094134
1661094774
1661094984
1661095304
1661095514
1661097743
1661098063
1661098273
1661098913
1661099123
1661101588
1661101798
1661102438
1661102648
1661102968
1661103178
1661105407
1661105727
1661105937
1661106577
1661107020
1661109661
1661109871
1661110191
1661110400
1661113160
1661113800
1661114010
1661114330
1661114540
1661117089
1661117299
1661117939
1661118149
1661121322
1661121532
1661121852
1661122062
1661124612
1661124821
1661125461
1661125671
1661125991
1661126201
1661128431
1661128751
1661128961
1661129601
1661129810
1661132360
1661132570
1661132890
1661133100
1661133740
1661136498
1661136708
1661137027
1661137237
1661139995
1661140635
1661140845
1661141165
1661141375
1661143924
1661144134
1661144774
1661144984
1661145304
1661147743
1661148063
1661148273
1661148913
1661149122
1661151672
1661151882
1661152202
1661152412
1661153052
1661155811
1661156021
1661156341
1661156551
1661159101
1661159311
1661159950
1661160160
1661160480
1661160690
1661163240
1661163450
1661164090
1661164300
1661164620
1661166849
1661167059
1661167379
1661167589
1661168229
1661168439
1661170988
1661171198
1661171518
1661171728
1661174486
1661175126
1661175336
1661175656
1661175866
1661178415
1661178625
1661180229
1661180439
1661180759
1661180969
1661181609
1661181819
1661182139
1661182349
1661185649
1661185859
1661188408
1661188618
1661189258
1661189468
1661189788
1661192227
1661192547
1661192757
1661193396
1661193606
1661196153
1661196363
1661196683
1661196893
1661197532
1661200290
1661200499
1661200819
1661201029
1661203787
1661204427
1661204637
1661204957
1661205167
1661207717
1661207927
1661208567
1661208777
1661209097
1661211327
1661211537
1661211857
1661212067
1661212707
1661212917
1661215467
1661215677
1661215997
1661216206
1661218963
1661219603
1661219813
1661220132
1661220342
1661222889
1661223099
1661223738
1661223948
1661224268
1661226706
1661227026
1661227236
1661227876
1661228086
1661230636
1661230845
1661231165
1661231633
1661231843
1661234393
1661234602
1661234922
1661235132
1661235771
1661238528
1661238738
1661239057
1661239267
1661242023
1661242663
1661242872
1661243192
1661243402
1661245949
1661246158
1661246798
1661247007
1661247327
1661249764
1661250084
1661250294
1661250933
1661251143
1661253690
1661253899
1661254219
1661254429
1661255068
1661257825
1661258034
1661258354
1661258564
1661261112
1661261321
1661261961
1661262171
1661262491
1661262701
1661265249
1661265459
1661266099
1661266309
1661266629
1661266839
1661267478
1661270237
1661270447
1661270767
1661270976
1661273524
1661273733
1661274373
1661274582
1661274902
1661275112
1661277341
1661277661
1661277870
1661278510
1661278719
1661281267
1661281476
1661281796
1661282006
1661282645
1661285402
1661285612
1661285931
1661286141
1661288901
1661289540
1661289750
1661290070
1661290280
1661292829
1661293039
1661293679
1661293889
1661294210
1661296649
1661296969
1661297179
1661297819
1661298029
1661300578
1661300788
1661301108
1661301318
1661301958
1661304718
1661304928
1661305248
1661305458
1661308008
1661308218
1661308858
1661309068
1661309388
1661309598
1661311828
1661312148
1661312358
1661312998
1661313208
1661315758
1661315968
1661316288
1661316497
1661317137
1661317347
1661319898
1661320108
1661320428
1661320637
1661323397
1661324037
1661324247
1661324567
1661324777
1661327327
1661327537
1661328177
1661328387
1661328707
1661331147
1661331467
1661331677
1661332317
1661332527
1661335076
1661335286
1661335606
1661335816
1661336456
1661339215
1661339425
1661339745
1661339954
1661342501
1661342711
1661343350
1661343560
1661343880
1661344089
1661346636
1661346846
1661347485
1661347695
1661348015
1661350243
1661350452
1661350772
1661350982
1661351622
1661351831
1661353000
1661353210
1661353529
1661353739
1661356286
1661356793
1661357003
1661357323
1661357533
1661360083
1661360292
1661360795
1661361005
1661361325
1661363764
1661364084
1661364294
1661364934
1661365144
1661367693
1661367903
1661368223
1661368433
1661369073
1661371832
1661372042
1661372362
1661372572
1661375329
1661375969
1661376179
1661376499
1661376708
1661379256
1661379465
1661380105
1661380314
1661380634
1661382862
1661383071
1661383391
1661383601
1661384240
1661384450
1661386999
1661387209
1661387529
1661387739
1661391139
1661391348
1661391668
1661391878
1661394425
1661394634
1661395274
1661395484
1661395803
1661396013
1661398241
1661398560
1661398770
1661399410
1661399619
1661402168
1661402378
1661402698
1661402908
1661403255
1661403465
1661406015
1661406225
1661406545
1661406755
1661407394
1661410151
1661410361
1661410680
1661410890
1661413647
1661414286
1661414496
1661414815
1661415025
1661417572
1661417782
1661418421
1661418631
1661418950
1661421178
1661421387
1661421707
1661421917
1661422556
1661422766
1661425313
1661425523
1661425842
1661426052
1661429448
1661429658
1661429977
1661430187
1661432734
1661432944
1661433583
1661433793
1661434113
1661434322
1661436551
1661436871
1661437080
1661437720
1661437929
1661440479
1661440689
1661441009
1661441218
1661441858
1661444616
1661444826
1661445146
1661445356
1661448116
1661448755
1661448965
1661449285
1661449495
1661450136
1661450345
1661452894
1661453104
1661453424
1661453633
1661454273
1661457030
1661457240
1661457559
1661457769
1661460316
1661460526
1661461165
1661461375
1661461695
1661461904
1661464133
1661464453
1661464663
1661465303
1661465513
1661468060
1661468270
1661468590
1661468799
1661469439
1661472199
1661472409
1661472729
1661472938
1661475698
1661476338
1661476548
1661476868
1661477077
1661479624
1661479834
1661480473
1661480683
1661481003
1661483339
1661483659
1661483869
1661484509
1661484719
1661487268
1661487478
1661487798
1661488008
1661488648
1661491407
1661491617
1661491937
1661492147
1661494907
1661495546
1661495756
1661496076
1661496286
1661498835
1661499045
1661499685
1661499895
1661500215
1661502444
1661502654
1661502974
1661503184
1661503824
1661504033
1661506583
1661506793
1661507112
1661507322
1661507962
1661510721
1661510931
1661511251
1661511461
1661514010
1661514220
1661514860
1661515070
1661515390
1661515599
1661517829
1661518149
1661518358
1661518998
1661519208
1661521649
1661521859
1661522397
1661522607
1661522927
1661523137
1661525686
1661525896
1661526536
1661526746
1661527066
1661529295
1661529505
1661529825
1661530034
1661530674
1661530883
1661533433
1661533643
1661533963
1661534173
1661534813
1661537572
1661537781
1661538101
1661538311
1661540861
1661541070
1661541711
1661541920
1661542240
1661542450
1661544793
1661545113
1661545323
1661545963
1661546173
1661548722
1661548932
1661549252
1661549461
1661550101
1661552860
1661553070
1661553390
1661553600
1661556358
1661556998
1661557208
1661557528
1661557738
1661560288
1661560497
1661561137
1661561347
1661561667
1661563897
1661564107
1661564427
1661564637
1661565276
1661565486
1661568033
1661568243
1661568563
1661568772
1661571563
1661571772
1661572092
1661572302
1661572942
1661573152
1661575702
1661575911
1661576231
1661576441
1661579201
1661579841
1661580051
1661580371
1661580580
1661583130
1661583340
1661583980
1661584190
1661584510
1661584719
1661586949
1661587269
1661587478
1661588118
1661588328
1661590877
1661591087
1661591407
1661591617
1661592257
1661595016
1661595226
1661595546
1661595756
1661598515
1661599155
1661599365
1661599684
1661599894
1661602443
1661602653
1661603293
1661603503
1661603823
1661606052
1661606262
1661606582
1661606791
1661607431
1661607640
1661610188
1661610397
1661610717
1661610927
1661611776
1661612096
1661612305
1661612945
1661613155
1661613475
1661613685
1661616235
1661616445
1661617085
1661617295
1661617780
1661620538
1661620748
1661621068
1661621277
1661623827
1661624037
1661624676
1661624886
1661625206
1661625415
1661627644
1661627964
1661628174
1661628814
1661629024
1661631573
1661631783
1661632104
1661632313
1661632953
1661635685
1661635895
1661636215
1661636425
1661639182
1661639822
1661640031
1661640351
1661640561
1661643111
1661643321
1661643961
1661644171
1661644491
1661646928
1661647248
1661647458
1661648097
1661648307
1661650854
1661651064
1661651383
1661651593
1661652232
1661654989
1661655199
1661655519
1661655729
1661658487
1661659127
1661659337
1661659657
1661659867
1661662417
1661662627
1661663267
1661663477
1661663796
1661666026
1661666235
1661666556
1661666766
1661667406
1661667616
1661670166
1661670376
1661670696
1661670906
1661673666
1661674306
1661674516
1661674837
1661675046
1661677597
1661677807
1661678447
1661678657
1661678977
1661679187
1661681417
1661681737
1661681947
1661682587
1661682797
1661685347
1661685557
1661685877
1661686087
1661686727
1661689487
1661689697
1661690017
1661690227
1661692987
1661693626
1661693836
1661694156
1661694365
1661696913
1661697123
1661697763
1661697973
1661698293
1661700523
1661700732
1661701052
1661701262
1661701902
1661702112
1661704659
1661704869
1661705189
1661705398
1661706038
1661708795
1661709004
1661709324
1661709534
1661712293
1661712933
1661713143
1661713463
1661713673
1661716221
1661716431
1661717071
1661717281
1661717601
1661719830
1661720040
1661720360
1661720569
1661721209
1661721418
1661723966
1661724175
1661724495
1661724705
1661727462
1661728102
1661728311
1661728631
1661728841
1661731388
1661731598
1661732237
1661732735
1661732945
1661735494
1661735704
1661736024
1661736234
1661738993
1661739632
1661739842
1661740162
1661740372
1661742919
1661743129
1661743769
1661743979
1661744299
1661746740
1661747061
1661747270
1661747910
1661748120
1661750806
1661751016
1661751336
1661751546
1661754305
1661754945
1661755155
1661755475
1661755685
1661758234
1661758444
1661759084
1661759294
1661759614
1661759824
1661762053
1661762373
1661762583
1661763223
1661763433
1661765982
1661766192
1661766512
1661766722
1661767362
1661770122
1661770332
1661770651
1661770861
1661773620
1661774260
1661774470
1661774790
1661775000
1661777548
1661777757
1661778397
1661778606
1661778926
1661781366
1661781686
1661781896
1661782536
1661782746
1661785296
1661785506
1661785826
1661786035
1661786675
1661786884
1661787204
1661787414
1661788053
1661791025
1661791345
1661791555
1661794312
1661794952
1661795162
1661795481
1661795691
1661798241
1661798451
1661799091
1661799301
1661799621
1661801850
1661802060
1661802431
1661802641
1661802960
1661803170
1661805719
1661805928
1661806568
1661806777
1661807097
1661807307
1661809534
1661809854
1661810064
1661810703
1661810913
1661813461
1661813671
1661813990
1661814200
1661814840
1661817597
1661817807
1661818126
1661818336
1661821093
1661821732
1661821942
1661822262
1661822471
1661825019
1661825229
1661825868
1661826078
1661826398
1661828837
1661829157
1661829367
1661830007
1661830217
1661832724
1661833363
1661833573
1661833893
1661834102
1661836650
1661836859
1661837499
1661837708
1661838028
1661840256
1661840466
1661840785
1661840995
1661841634
1661841844
1661844391
1661844601
1661844921
1661845131
1661847888
1661848527
1661848737
1661849057
1661849266
1661851813
1661852023
1661852662
1661852872
1661853192
1661855629
1661855948
1661856158
1661856797
1661857007
1661859554
1661859764
1661860083
1661860293
1661860932
1661863689
1661863899
1661864219
1661864428
