0.01330
0.01392
0.01457
0.01525
0.01597
0.01671
0.01749
0.01831
0.01917
0.02006
0.02100
0.02198
0.02301
0.02409
0.02521
0.02639
0.02763
0.02892
0.03027
0.03168
0.03317
0.03472
0.03634
0.03804
0.03982
0.04168
0.04363
0.04567
0.04780
0.05003
0.05237
0.05482
0.05738
0.06007
0.06287
0.06581
0.06889
0.07211
0.07548
0.07901
0.08270
0.08657
0.09062
0.09485
0.09929
0.10393
0.10879
0.11387
0.11920
0.12477
0.13060
0.13670
0.14310
0.14978
0.15679
0.16412
0.17179
0.17982
0.18822
0.19702
0.20623
0.21587
0.22596
0.23653
0.24758
0.25916
0.27127
0.28395
0.29723
0.31112
0.32567
0.34089
0.35683
0.37351
0.39097
