939.5949707
940.342014562184
941.0890584243679
941.8361022865519
942.5831461487358
943.3301900109198
944.0770236842178
944.6979542149209
945.3188847456238
945.9398152763267
946.5607458070298
947.1816763377327
947.8023992573771
948.3610464704918
948.9196936836066
949.4783408967213
950.0369881098361
950.5956353229508
951.1465908852459
950.1669079344263
949.1872249836066
948.2075420327869
947.2278590819672
946.2481761311475
945.2865580942484
947.0166122315087
948.7466663687691
950.4767205060294
952.2067746432898
953.9368287805502
955.6499213683522
955.3445895706307
955.0392577729091
954.7339259751875
954.4285941774659
954.1232623797443
953.8256911198944
954.296413109336
954.7671350987774
955.237857088219
955.7085790776605
956.179301067102
956.6417615011393
956.404350170214
956.1669388392887
955.9295275083634
955.6921161774382
955.454704846513
955.2044489645457
954.0036963054737
952.8029436464018
951.6021909873298
950.4014383282578
949.2006856691859
947.9886087587385
946.0329060079744
944.0772032572103
942.1215005064462
940.1657977556821
938.210095004918
936.3410676028618
939.5858857745762
942.8307039462907
946.075522118005
949.3203402897194
952.5651584614337
955.7650871833565
956.5613899118922
957.3576926404279
958.1539953689636
958.9502980974994
959.7466008260351
960.5329707828008
960.8326349228397
961.1322990628786
961.4319632029175
961.7316273429564
962.0312914829952
962.3261662200333
962.4047809908029
962.4833957615726
962.5620105323424
962.640625303112
962.7192400738817
962.7966817282856
962.8250200833843
962.8533584384829
962.8816967935816
962.9100351486802
962.9383735037788
962.9630919775215
962.8466350783829
962.7301781792443
962.6137212801056
962.497264380967
962.3808074818282
962.2729621863573
962.4794404247568
962.6859186631565
962.892396901556
963.0988751399556
963.3053533783551
963.4893383220617
962.9019355712976
962.3145328205335
961.7271300697694
961.1397273190053
960.5523245682411
959.8904605212837
956.8210145640733
953.751568606863
950.6821226496527
947.6126766924424
944.543230735232
941.667628482245
944.7195626584052
947.7714968345651
950.8234310107252
953.8753651868852
956.9272993630453
959.8885246811892
960.2191931168658
960.5498615525424
960.880529988219
961.2111984238956
961.5418668595721
961.8562530523201
961.7217145471798
961.5871760420395
961.4526375368991
961.3180990317588
961.1835605266185
961.0489548637122
960.9125847831342
960.7762147025563
960.6398446219783
960.5034745414005
960.3671044608225
960.0201143348986
954.3893082887746
948.7585022426507
943.1276961965268
937.4968901504029
931.8660841042789
922.3734749470675
820.1975911237845
718.0217073004994
615.8458234772165
513.6699396539314
411.4940558306462
318.07386825493177
426.03469437329886
533.9955204916637
641.9563466100308
749.917172728398
857.8779988467628
961.1360252031952
960.5707029692414
960.0053807352875
959.4400585013337
958.8747362673798
958.3094140334259
957.7644862580995
957.6523742158655
957.5402621736316
957.4281501313976
957.3160380891637
957.2039260469297
957.1093065211726
957.3720341177271
957.6347617142817
957.8974893108364
958.1602169073909
958.4229445039455
958.7071110261461
959.4134026015838
960.1196941770214
960.825985752459
961.5322773278966
962.2385689033342
962.9350524559878
963.4451835757433
963.9553146954987
964.4654458152543
964.9755769350097
965.4857080547652
965.975197573437
966.0858138335093
966.1964300935815
966.3070463536537
966.417662613726
966.5282788737983
966.6108784536815
966.1961819602111
965.7814854667407
965.3667889732703
964.9520924798
964.5373959863296
964.139698691442
964.0340785358433
963.9284583802445
963.8228382246457
963.7172180690469
963.6115979134481
963.5077686877744
963.4337531779105
963.3597376680467
963.2857221581828
963.211706648319
963.1376911384551
963.10670829586
963.7703956534593
964.4340830110586
965.097770368658
965.7614577262573
966.4251450838566
967.0588436432342
967.2227176971381
967.3865917510419
967.5504658049458
967.7143398588496
967.8782139127535
968.0080747816337
967.6203836729925
967.2326925643512
966.8450014557098
966.4573103470686
966.0696192384273
965.6982891475132
965.5689298977215
965.4395706479299
965.3102113981383
965.1808521483467
965.0514928985551
964.9385012628229
965.0609514601
965.183401657377
965.3058518546541
965.428302051931
965.550752249208
965.6769198413169
965.8551309610725
966.033342080828
966.2115532005835
966.3897643203389
966.5679754400944
966.7297423427341
966.6673063827452
966.6048704227563
966.5424344627675
966.4799985027786
966.4175625427897
966.3626125885802
966.4071195682967
966.4516265480133
966.49613352773
966.5406405074465
966.5851474871631
966.6330964514032
966.725631122145
966.8181657928869
966.9107004636288
967.0032351343707
967.0957698051126
967.2093008393998
967.5881495584885
967.9669982775771
968.3458469966657
968.7246957157544
969.103544434843
969.4912029748541
969.9875159729091
970.4838289709642
970.9801419690192
971.4764549670741
971.9727679651292
972.4193801321755
972.2674214214226
972.1154627106696
971.9635039999166
971.8115452891636
971.6595865784107
971.5055251981385
971.3267238977772
971.147922597416
970.9691212970548
970.7903199966936
970.6115186963323
970.4381518482078
970.3272812008058
970.2164105534038
970.1055399060017
969.9946692585996
969.8837986111976
969.7906761872187
969.8971307245902
970.0035852619616
970.1100397993331
970.2164943367046
970.3229488740761
970.440092619561
970.6748176542928
970.9095426890248
971.1442677237567
971.3789927584885
971.6137177932204
971.8401821203113
971.9777223592665
972.1152625982218
972.252802837177
972.3903430761322
972.5278833150875
972.6574841336483
972.7034156757433
972.7493472178382
972.7952787599334
972.8412103020283
972.8871418441233
972.9239943772437
972.8671446856627
972.8102949940817
972.7534453025007
972.6965956109198
972.6397459193387
972.5585062132537
972.2306563605168
971.9028065077799
971.574956655043
971.2471068023061
970.9192569495693
970.6428701276743
970.8764351568491
971.1100001860239
971.3435652151986
971.5771302443735
971.8106952735483
972.0341934897194
972.1598998081412
972.2856061265629
972.4113124449848
972.5370187634065
972.6627250818283
972.7455745937482
972.4201566332036
972.0947386726591
971.7693207121144
971.4439027515699
971.1184847910253
970.8021062763268
970.5701998245346
970.3382933727424
970.1063869209503
969.8744804691581
969.642574017366
969.4574475098361
969.7012693047792
969.9450910997222
970.1889128946652
970.4327346896083
970.6765564845513
970.919452322284
971.1540145451237
971.3885767679634
971.623138990803
971.8577012136427
972.0922634364823
972.3115048016949
972.3953700642678
972.4792353268408
972.5631005894137
972.6469658519867
972.7308311145596
972.7423500948319
972.1260900448179
971.5098299948041
970.8935699447902
970.2773098947763
969.6610498447624
969.1226001039734
969.247390618005
969.3721811320366
969.4969716460683
969.6217621601
969.7465526741317
969.8626732474021
969.9061830667963
969.9496928861906
969.9932027055848
970.0367125249792
970.0802223443734
970.1231898156154
970.1616933443735
970.2001968731314
970.2387004018894
970.2772039306474
970.3157074594054
970.3669753569881
970.521518602334
970.6760618476799
970.8306050930258
970.9851483383718
971.1396915837178
971.2622426399556
971.1302886694082
970.9983346988608
970.8663807283134
970.7344267577661
970.6024727872186
970.4895836284524
970.5258485853848
970.5621135423173
970.5983784992497
970.6346434561823
970.6709084131147
970.7144389281744
970.813882651431
970.9133263746875
971.0127700979439
971.1122138212004
971.2116575444568
971.3091567575716
971.391933251042
971.4747097445124
971.5574862379829
971.6402627314533
971.7230392249237
971.8284127516811
972.1021500898306
972.37588742798
972.6496247661295
972.923362104279
973.1970994424285
973.3900049993053
972.9901441601834
972.5902833210614
972.1904224819394
971.7905616428175
971.3907008036955
971.041944658155
971.0621223964157
971.0823001346763
971.1024778729369
971.1226556111975
971.1428333494581
971.1255567988608
970.8420511139483
970.5585454290358
970.2750397441233
969.991534059211
969.7080283742985
960.6566732589889
890.2303721308942
819.8040710028055
749.3777698747167
678.951468746622
608.5251676185333
552.7414393885823
597.9143979826347
643.0873565766871
688.2603151707433
733.4332737647956
778.6062323588518
821.1851746664354
846.145019339955
871.1048640134767
896.0647086869963
921.024553360518
945.9843980340376
967.7094341347874
967.7861359408447
967.8628377469018
967.9395395529591
968.0162413590164
968.0929431650736
968.1466494210893
968.0487014799944
967.9507535388997
967.852805597805
967.7548576567102
967.6569097156155
967.6135315105585
967.9248565897472
968.2361816689358
968.5475067481245
968.8588318273132
969.1701569065018
969.451563398972
969.5412693172826
969.6309752355933
969.7206811539038
969.8103870722144
969.9000929905251
969.962865155571
969.8554948304807
969.7481245053904
969.6407541803001
969.5333838552098
969.4260135301195
969.3258275480412
969.2703922326758
969.2149569173104
969.159521601945
969.1040862865796
969.0486509712142
968.9648001689914
968.7063970903583
968.4479940117254
968.1895909330925
967.9311878544596
967.6727847758266
967.4419202706863
967.3779071225896
967.3138939744929
967.2498808263962
967.1858676782995
967.1218545302029
967.0631458281745
967.0361404433454
967.0091350585162
966.9821296736872
966.955124288858
966.9281189040289
966.900036457266
966.8656030590997
966.8311696609336
966.7967362627675
966.7623028646013
966.7278694664351
966.6839862888858
966.5851225767435
966.4862588646013
966.387395152459
966.2885314403168
966.1896677281745
966.1525165591554
966.4696924635732
966.7868683679911
967.104044272409
967.4212201768269
967.7383960812448
967.9606069489857
967.6446826088913
967.3287582687968
967.0128339287024
966.6969095886079
966.3809852485134
966.0466173854403
965.6090873993331
965.1715574132259
964.7340274271186
964.2964974410114
963.8589674549041
953.2030324129472
886.1237303234802
819.0444282340075
751.9651261445405
684.8858240550678
617.8065219656007
571.625268085939
639.3720834791072
707.1188988722697
774.8657142654379
842.6125296586004
910.3593450517628
967.5604524198666
967.9942378658238
968.428023311781
968.8618087577382
969.2955942036954
969.7293796496526
970.073048359572
969.9376754726591
969.802302585746
969.666929698833
969.5315568119199
969.3961839250069
969.2448886472075
969.0100008172548
968.775112987302
968.5402251573493
968.3053373273965
968.0704494974437
967.9154452534037
968.1746826971381
968.4339201408725
968.6931575846069
968.9523950283412
969.2116324720755
969.3533051838289
968.8927585542095
968.4322119245902
967.9716652949708
967.5111186653515
967.0505720357322
966.657515161267
966.6059973507641
966.5544795402612
966.5029617297583
966.4514439192553
966.3999261087524
966.3463121771048
966.2822176397333
966.2181231023618
966.1540285649903
966.0899340276188
966.0258394902473
965.9761380365935
965.9975469668519
966.0189558971103
966.0403648273688
966.0617737576271
966.0831826878855
959.623699577021
921.5222141477363
883.4207287184485
845.3192432891639
807.217757859876
769.1162724305914
722.6325179694101
635.702280897997
548.7720438265912
461.841806755178
374.9115696837723
287.98133261236654
221.9015792504316
255.262594349069
288.6236094477092
321.9846245463466
355.345639644984
388.70665474362414
427.6461637105581
492.88428662803847
558.1224095455134
623.3605324629882
688.5986553804687
753.8367782979435
811.7783080058639
835.7149599258408
859.6516118458178
883.5882637657967
907.5249156857736
931.4615676057526
951.4661402589609
953.3537495615449
955.241358864129
957.128968166713
959.0165774692971
960.9041867718811
962.3428707129758
961.7364502295081
961.1300297460406
960.5236092625729
959.9171887791052
959.3107682956377
958.7714935384829
958.5346825576548
958.2978715768269
958.0610605959989
957.8242496151709
957.5874386343429
957.5564443378717
958.4422698171715
959.3280952964712
960.213920775771
961.0997462550708
961.9855717343706
962.6843730175882
962.5592568964435
962.4341407752987
962.309024654154
962.1839085330092
962.0587924118645
961.9995398497083
962.2272642231453
962.4549885965824
962.6827129700195
962.9104373434566
963.1381617168936
963.3513026098639
963.5015925737426
963.6518825376215
963.8021725015004
963.9524624653792
964.1027524292581
964.2336106227563
964.2816281109474
964.3296455991386
964.3776630873298
964.4256805755209
964.473698063712
964.530677071492
964.6254503140594
964.7202235566268
964.8149967991942
964.9097700417616
965.004543284329
965.0566275277299
964.930595602195
964.8045636766602
964.6785317511253
964.5524998255904
964.4264679000555
964.3228990350096
964.3120622914698
964.3012255479299
964.2903888043901
964.2795520608503
964.2687153173104
964.2474845836066
964.183797042623
964.1201095016394
964.0564219606558
963.9927344196722
963.9290468786886
963.8736416715755
963.8517137971659
963.8297859227563
963.8078580483468
963.7859301739372
963.7640022995276
963.7401105796054
963.7083634776326
963.6766163756598
963.644869273687
963.6131221717143
963.5813750697415
963.4898974961656
963.1619662374826
962.8340349787997
962.5061037201167
962.1781724614337
961.8502412027507
961.6190413542373
961.7668383422895
961.9146353303418
962.062432318394
962.2102293064462
962.3580262944985
962.4882721223951
962.5504536950542
962.6126352677132
962.6748168403724
962.7369984130314
962.7991799856904
962.9032241133926
963.1679664362601
963.4327087591275
963.697451081995
963.9621934048625
964.2269357277299
964.4679567599611
964.6188368877745
964.7697170155877
964.920597143401
965.0714772712142
965.2223573990275
965.2314272015838
964.7070200662683
964.182612930953
963.6582057956376
963.1337986603223
962.6093915250069
962.2081247753542
962.2654832415949
962.3228417078354
962.3802001740761
962.4375586403168
962.4949171065573
962.5615207613504
962.6622160489302
962.7629113365101
962.86360662409
962.96430191167
963.0649971992498
963.1352790683245
963.0945165954154
963.0537541225062
963.0129916495971
962.972229176688
962.9314667037788
962.4829678529869
960.5603451744652
958.6377224959431
956.7150998174214
954.7924771388997
952.869854460378
951.7084094221173
953.2720965463186
954.8357836705197
956.3994707947209
957.963157918922
959.5268450431231
960.8451639214783
961.2935408372882
961.7419177530982
962.190294668908
962.6386715847179
963.087048500528
963.367649589636
963.0591430767157
962.7506365637955
962.4421300508752
962.1336235379549
961.8251170250347
961.6145505163935
961.7445813360656
961.8746121557377
962.0046429754099
962.134673795082
962.2647046147541
962.4239763481522
962.6839667843846
962.9439572206169
963.2039476568492
963.4639380930814
963.7239285293138
963.8826443606002
963.6958350691303
963.5090257776604
963.3222164861907
963.1354071947208
962.9485979032509
962.7377161510697
962.4454800243678
962.153243897666
961.8610077709642
961.5687716442623
961.2765355175604
961.0436525275077
961.0094735166713
960.975294505835
960.9411154949986
960.9069364841623
960.8727574733259
960.8312802904696
960.7655983788275
960.6999164671853
960.6342345555432
960.5685526439011
960.5028707322589
960.458678151542
960.4850933724367
960.5115085933314
960.5379238142261
960.5643390351208
960.5907542560155
960.6349600608224
960.7370798941095
960.8391997273965
960.9413195606835
961.0434393939705
961.1455592272575
961.2734801606836
961.4846187269519
961.6957572932204
961.9068958594887
962.1180344257572
962.3291729920255
962.4375226060016
962.2173788549596
961.9972351039178
961.7770913528758
961.5569476018338
961.3368038507919
961.0926348740761
960.7723860160601
960.4521371580439
960.1318883000278
959.8116394420116
959.4913905839956
959.2052830819116
959.0263088001667
958.8473345184218
958.6683602366769
958.489385954932
958.310411673187
958.1966503461517
958.285674508419
958.3746986706864
958.4637228329536
958.5527469952209
958.6417711574882
958.7708846295916
959.0235386279244
959.2761926262573
959.5288466245901
959.781500622923
960.0341546212559
960.2834980376493
960.5227307578494
960.7619634780494
961.0011961982495
961.2404289184497
961.4796616386496
961.6319545479856
961.521094070075
961.4102335921646
961.299373114254
961.1885126363434
961.0776521584329
960.9896735074187
960.9703403370936
960.9510071667685
960.9316739964435
960.9123408261183
960.8930076557933
960.9246061813004
961.1076506103085
961.2906950393166
961.4737394683245
961.6567838973326
961.8398283263407
961.9219123619062
961.7064289220617
961.4909454822173
961.2754620423729
961.0599786025284
960.844495162684
960.5362532600999
959.9570111428452
959.3777690255904
958.7985269083357
958.2192847910808
957.640042673826
957.2891052442067
957.5993619099472
957.9096185756877
958.2198752414282
958.5301319071687
958.8403885729091
959.0706454318977
959.0712254263407
959.0718054207836
959.0723854152264
959.0729654096693
959.0735454041123
958.9906649174216
958.6702430613503
958.3498212052792
958.0293993492081
957.708977493137
957.3885556370659
957.2210760136983
957.4851467666853
957.7492175196721
958.0132882726591
958.277359025646
958.541429778633
958.7336360864407
958.7248038830509
958.715971679661
958.7071394762712
958.6983072728814
958.6894750694916
958.7621759808558
959.0610159086135
959.3598558363713
959.658695764129
959.9575356918866
960.2563756196444
960.4324004009725
960.2706835296193
960.1089666582661
959.9472497869131
959.7855329155599
959.6238160442068
959.424097652598
959.1207602088635
958.8174227651292
958.5140853213949
958.2107478776604
957.9074104339261
957.7268243782995
957.8781217053348
958.02941903237
958.1807163594053
958.3320136864406
958.4833110134759
958.5933455676021
958.5927553869964
958.5921652063906
958.5915750257849
958.5909848451792
958.5903946645734
958.4827230785774
958.0903716587385
957.6980202388996
957.3056688190608
956.913317399222
956.5209659793832
956.1262528635176
955.7253134581273
955.3243740527369
954.9234346473464
954.5224952419561
954.1215558365657
953.7956100283968
953.6657318177827
953.5358536071686
953.4059753965546
953.2760971859406
953.1462189753264
952.8966035651014
952.3365318229507
951.7764600808002
951.2163883386496
950.6563165964991
950.0962448543485
949.700697159989
949.7282113028064
949.7557254456239
949.7832395884412
949.8107537312587
949.8382678740761
949.9356737019727
950.2113240048348
950.4869743076966
950.7626246105585
951.0382749134204
951.3139252162823
951.461713734204
951.2860871490415
951.1104605638789
950.9348339787164
950.7592073935538
950.5835808083913
950.5362375394832
950.8107278534593
951.0852181674354
951.3597084814115
951.6341987953876
951.9086891093636
934.4209187305861
872.7340345349783
811.0471503393705
749.3602661437627
687.6733819481549
625.9864977525367
599.780570184777
661.1490268949723
722.5174836051675
783.8859403153626
845.2543970255683
906.6228537357636
950.2125909852738
950.2751185207003
950.3376460561267
950.4001735915532
950.4627011269797
950.5252286624062
950.4972379608224
950.2494172550709
950.0015965493193
949.7537758435676
949.505955137816
949.2581344320645
949.1088290441234
949.1968560127258
949.2848829813281
949.3729099499305
949.4609369185329
949.5489638871353
949.7493395721311
950.218209647152
950.6870797221728
951.1559497971937
951.6248198722145
952.0936899472354
952.3623334703807
952.1562825840233
951.950231697666
951.7441808113088
951.5381299249514
951.3320790385941
951.1051611140872
950.8291648484579
950.5531685828286
950.2771723171992
950.0011760515698
949.7251797859404
949.5020241282577
949.4021632224507
949.3023023166435
949.2024414108363
949.1025805050292
949.002719599222
948.795988729536
948.3418627500972
947.8877367706585
947.4336107912197
946.979484811781
946.5253588323424
946.275381696638
946.4942738833564
946.713166070075
946.9320582567935
947.1509504435121
947.3698426302307
947.5852527067797
947.7927281388442
948.0002035709085
948.207679002973
948.4151544350375
948.622629867102
948.6496595308975
948.2687248490414
947.8877901671854
947.5068554853292
947.1259208034732
946.7449861216171
946.3544102153932
945.9422066977494
945.5300031801055
945.1177996624617
944.705596144818
944.2933926271743
944.1219739650459
944.4864957877744
944.8510176105029
945.2155394332315
945.58006125596
945.9445830786884
946.3242479473465
946.7373570832176
947.1504662190886
947.5635753549597
947.9766844908307
948.3897936267019
948.4371181048347
947.6828293968603
946.9285406888858
946.1742519809114
945.4199632729368
944.6656745649624
944.2589263985274
944.607940997027
944.9569555955266
945.3059701940261
945.6549847925257
946.0039993910252
946.4360306171992
947.047202987302
947.6583753574049
948.2695477275076
948.8807200976105
949.4918924677132
950.0061040088914
950.3126873876076
950.619270766324
950.9258541450403
951.2324375237566
951.5390209024729
951.5886546449568
951.0922704104473
950.5958861759377
950.0995019414281
949.6031177069186
949.1067334724089
948.7388893185885
948.6421115525424
948.5453337864963
948.4485560204502
948.3517782544039
948.2550004883578
948.0388801428174
947.5730016154487
947.10712308808
946.6412445607112
946.1753660333426
945.7094875059738
945.4166075279244
945.4830322292303
945.5494569305363
945.6158816318422
945.6823063331481
945.748731034454
945.9133518228953
946.280376790942
946.6474017589886
947.0144267270352
947.381451695082
947.7484766631286
947.9117931434843
947.6583861693248
947.4049791951653
947.1515722210058
946.8981652468464
946.6447582726868
946.3719898363435
946.0599117646568
945.7478336929703
945.4357556212838
945.1236775495971
944.8115994779105
944.6801319373159
944.9126082307307
945.1450845241455
945.3775608175605
945.6100371109752
945.84251340439
946.0059160051125
946.0311712204501
946.0564264357877
946.0816816511253
946.1069368664629
946.1321920818004
945.8414568167547
944.9234568667684
944.0054569167824
943.0874569667963
942.1694570168102
941.2514570668242
940.6535718376493
940.6864076920533
940.7192435464574
940.7520794008614
940.7849152552653
940.8177511096694
940.8679069985274
940.9519350729926
941.0359631474577
941.1199912219228
941.2040192963879
941.288047370853
941.4243641312864
941.6621824585995
941.9000007859128
942.1378191132259
942.375637440539
942.6134557678522
942.7302335340372
942.6137868043901
942.497340074743
942.3808933450958
942.2644466154487
942.1479998858016
942.054275122145
942.0040088759655
941.953742629786
941.9034763836065
941.853210137427
941.8029438912475
941.8036360181717
941.9010752012781
941.9985143843845
942.0959535674909
942.1933927505974
942.2908319337038
942.3266958521256
942.246514079411
942.1663323066963
942.0861505339817
942.005968761267
941.9257869885523
941.8188874142539
941.6620038188107
941.5051202233676
941.3482366279244
941.1913530324812
941.0344694370381
940.9177937521256
940.8757899010558
940.8337860499861
940.7917821989163
940.7497783478466
940.7077744967768
940.812947448958
941.1894558346207
941.5659642202834
941.9424726059461
942.3189809916088
942.6954893772714
942.8894288823562
942.7492328890247
942.6090368956932
942.4688409023618
942.3286449090302
942.1884489156987
941.9753938310641
941.6299609608224
941.2845280905807
940.9390952203389
940.5936623500971
940.2482294798555
939.8972076300638
939.536104723701
939.1750018173382
938.8138989109752
938.4527960046124
938.0916930982495
937.8080712574605
937.6631945806057
937.518317903751
937.3734412268964
937.2285645500417
937.083687873187
936.9443058906363
936.8146922535149
936.6850786163934
936.555464979272
936.4258513421506
936.2962377050292
936.1125084041122
935.8332662035009
935.5540240028896
935.2747818022784
934.9955396016671
934.7162974010558
934.450198195721
934.2071293766046
933.9640605574882
933.7209917383718
933.4779229192553
933.2348541001389
933.0350497076688
932.9105135642957
932.7859774209224
932.6614412775493
932.5369051341762
932.4123689908031
932.3025962656016
932.2183239899695
932.1340517143374
932.0497794387052
931.9655071630731
931.881234887441
931.7605777956933
931.577523213865
931.3944686320367
931.2114140502084
931.0283594683801
930.8453048865518
930.751078888997
930.8081015619616
930.8651242349264
930.922146907891
930.9791695808558
931.0361922538206
930.9389574805501
930.580937697277
930.2229179140039
929.8648981307308
929.5068783474576
929.1488585641845
928.7610562039733
928.3232616610447
927.8854671181161
927.4476725751875
927.0098780322589
926.5720834893303
926.1175110608781
925.6349754898861
925.1524399188941
924.6699043479022
924.1873687769103
923.7048332059182
923.3896071931925
923.3512562901639
923.3129053871353
923.2745544841067
923.236203581078
923.1978526780495
923.1868113698528
923.2206444179217
923.2544774659906
923.2883105140595
923.3221435621284
923.3559766101973
923.3271624549319
923.196134441595
923.0651064282579
922.9340784149208
922.8030504015837
922.6720223882467
922.4685809035287
922.147823270853
921.8270656381773
921.5063080055015
921.1855503728258
920.86479274015
920.5386328426786
920.2037823453181
919.8689318479577
919.5340813505974
919.199230853237
918.8643803558766
918.797377895082
919.1582365836066
919.5190952721312
919.8799539606557
920.2408126491803
920.6016713377049
920.7558287398722
920.5821151360933
920.4084015323145
920.2346879285357
920.0609743247569
919.887260720978
919.4538434203112
918.6113649318421
917.7688864433732
916.9264079549041
916.083929466435
915.241450977966
914.6581637500694
914.480278237427
914.3023927247846
914.1245072121422
913.9466216994998
913.7687361868574
913.6485425473742
913.6179554342873
913.5873683212003
913.5567812081133
913.5261940950264
913.4956069819394
913.5411116983606
913.7039783891081
913.8668450798555
914.029711770603
914.1925784613503
914.3554451520978
914.4583604966934
914.4694516275632
914.4805427584329
914.4916338893025
914.5027250201723
914.513816151042
914.4743495549319
914.357984231231
914.2416189075299
914.1252535838289
914.0088882601278
913.8925229364268
913.7907004273687
913.7108442617672
913.6309880961657
913.551131930564
913.4712757649625
913.3914195993609
913.2824863434565
913.1299374520978
912.9773885607391
912.8248396693804
912.6722907780216
912.5197418866629
912.454918508669
912.5207733850236
912.5866282613782
912.6524831377327
912.7183380140873
912.7841928904418
912.779039345457
912.6688402846069
912.5586412237566
912.4484421629064
912.3382431020561
912.2280440412059
912.1461728522089
912.1059191539595
912.0656654557099
912.0254117574605
911.9851580592109
911.9449043609615
911.9437628186441
911.9996865530147
912.0556102873854
912.1115340217561
912.1674577561267
912.2233814904974
912.0556533567102
911.5638582302862
911.0720631038622
910.5802679774382
910.0884728510142
909.5966777245902
909.1395009703807
908.7321408981384
908.324780825896
907.9174207536538
907.5100606814116
907.1027006091692
906.6624622289803
906.175235821645
905.6880094143096
905.2007830069742
904.7135565996389
904.2263301923034
903.863385543012
903.6768408083635
903.490296073715
903.3037513390665
903.1172066044179
902.9306618697693
902.7280579358155
902.5028163353709
902.2775747349264
902.0523331344817
901.8270915340372
901.6018499335927
901.2795397099194
900.821333413726
900.3631271175326
899.9049208213393
899.4467145251459
898.9885082289526
898.5586855344263
898.1683284852459
897.7779714360656
897.3876143868853
896.9972573377049
896.6069002885247
896.3034393231453
896.1199777115866
895.9365161000278
895.753054488469
895.5695928769103
895.3861312653515
895.2591855305085
895.2097536661017
895.160321801695
895.1108899372882
895.0614580728814
895.0120262084746
894.952290645985
894.8785193372881
894.8047480285913
894.7309767198944
894.6572054111975
894.5834341025007
894.3784394182829
893.9959072260073
893.6133750337316
893.2308428414559
892.8483106491803
892.4657784569047
892.2272576171158
892.1822520322312
892.1372464473465
892.0922408624618
892.0472352775771
892.0022296926925
892.0084183721311
892.0829324704919
892.1574465688525
892.2319606672131
892.3064747655737
892.3809888639345
892.4488042242011
892.5077398618783
892.5666754995555
892.6256111372326
892.6845467749097
892.7434824125869
892.7609673491526
892.7238781966103
892.6867890440678
892.6496998915254
892.6126107389831
892.5755215864407
892.5931520815783
892.6823390390664
892.7715259965546
892.8607129540428
892.949899911531
893.0390868690192
893.0686297352042
893.020703839122
892.9727779430398
892.9248520469575
892.8769261508753
892.8290002547931
892.6403925742151
892.2702946525702
891.9001967309252
891.5300988092803
891.1600008876354
890.7899029659906
890.4161119952765
890.0375888666297
889.6590657379828
889.280542609336
888.9020194806892
888.5234963520423
888.1682275742706
887.8425552430675
887.5168829118644
887.1912105806613
886.8655382494582
886.5398659182551
886.1361038597666
885.6336245988608
885.1311453379551
884.6286660770493
884.1261868161433
883.6237075552375
883.2352366482079
882.9899190877744
882.7446015273409
882.4992839669075
882.253966406474
882.0086488460406
881.8316230529591
881.7397701382606
881.6479172235621
881.5560643088635
881.464211394165
881.3723584794665
881.276437802834
881.1754779584329
881.0745181140317
880.9735582696304
880.8725984252293
880.771638580828
880.7401252907197
880.7940648239233
880.848004357127
880.9019438903307
880.9558834235343
881.0098229567379
881.0696143404557
881.1365579859128
881.2035016313698
881.2704452768269
881.337388922284
881.4043325677411
881.3913770550431
881.2814221953598
881.1714673356767
881.0615124759934
880.9515576163101
880.8416027566269
880.7208815640734
880.5871774407058
880.4534733173381
880.3197691939705
880.1860650706029
880.0523609472353
879.8902854941928
879.6942268001111
879.4981681060294
879.3021094119478
879.1060507178661
878.9099920237844
878.8792598440679
879.0452300135594
879.2112001830509
879.3771703525424
879.5431405220339
879.7091106915254
879.8527650427341
879.9700461541539
880.0873272655738
880.2046083769936
880.3218894884135
880.4391705998333
880.4959447964435
880.481689136538
880.4674334766324
880.4531778167269
880.4389221568214
880.4246664969158
880.3423751883856
880.1807498924701
880.0191245965545
879.857499300639
879.6958740047236
879.534248708808
879.3050351862184
878.9975360197833
878.6900368533481
878.3825376869131
878.075038520478
877.7675393540428
877.4932934526257
877.2573066840789
877.0213199155321
876.7853331469853
876.5493463784385
876.3133596098917
876.047419314254
875.7472464162267
875.4470735181995
875.1469006201722
874.8467277221449
874.5465548241177
874.2607545412613
873.9912705012503
873.7217864612392
873.4523024212281
873.182818381217
872.9133343412059
872.6539125062518
872.4058374131704
872.1577623200889
871.9096872270075
871.661612133926
871.4135370408446
871.0659949100306
870.6070356380105
870.1480763659905
869.6891170939706
869.2301578219506
868.7711985499307
868.3513382736315
867.9749825136983
867.598626753765
867.2222709938316
866.8459152338983
866.469559473965
866.0588390016115
865.6101364786886
865.1614339557656
864.7127314328425
864.2640289099194
863.8153263869963
863.3581989747707
862.8918218589052
862.4254447430396
861.9590676271741
861.4926905113086
861.0263133954431
860.6016823474298
860.2225792410114
859.8434761345928
859.4643730281744
859.085269921756
858.7061668153375
858.5099514230619
858.5118643877744
858.5137773524868
858.5156903171992
858.5176032819116
858.5195162466241
858.5454006331204
858.5970812555155
858.6487618779106
858.7004425003056
858.7521231227007
858.8038037450958
858.8148707981661
858.7825233460961
858.7501758940261
858.7178284419562
858.6854809898861
858.6531335378161
858.6437537964157
858.6587624488192
858.6737711012227
858.688779753626
858.7037884060295
858.718797058433
858.6538456851627
858.5045529149487
858.3552601447346
858.2059673745207
858.0566746043067
857.9073818340928
857.4102566254237
856.548678998305
855.6871013711865
854.8255237440678
853.9639461169493
853.1023684898306
852.5693881030564
852.3784170888858
852.1874460747152
851.9964750605446
851.805504046374
851.6145330322034
851.5382780918032
851.5806279056404
851.6229777194776
851.6653275333148
851.707677347152
851.7500271609891
851.8620373055849
852.0455904925813
852.2291436795776
852.412696866574
852.5962500535704
852.7798032405668
852.7723156544317
852.5699278856072
852.3675401167824
852.1651523479577
851.962764579133
851.7603768103083
851.4072505894693
850.9013625816893
850.3954745739095
849.8895865661295
849.3836985583496
848.8778105505697
848.4447380485135
848.0849681124201
847.7251981763268
847.3654282402334
847.0056583041401
846.6458883680467
846.2734501213115
845.8883435639344
845.5032370065574
845.1181304491804
844.7330238918032
844.3479173344261
844.102141786913
843.9947714618227
843.8874011367324
843.7800308116421
843.6726604865518
843.5652901614615
843.2684925558489
842.7847766403167
842.3010607247845
841.8173448092525
841.3336288937204
840.8499129781883
840.3811810903861
839.9271365168936
839.473091943401
839.0190473699083
838.5650027964157
838.110958222923
837.7116136305361
837.3655295460683
837.0194454616004
836.6733613771324
836.3272772926646
835.9811932081967
835.6518782677966
835.3387826634621
835.0256870591276
834.712591454793
834.3994958504584
834.0864002461238
833.6876479212559
833.2065979629341
832.7255480046124
832.2444980462907
831.7634480879689
831.2823981296472
830.897780897555
830.6051988080857
830.3126167186163
830.020034629147
829.7274525396776
829.4348704502083
829.2230308645458
829.0877393669075
828.9524478692692
828.817156371631
828.6818648739928
828.5465733763546
828.4464862684634
828.3795528091692
828.3126193498749
828.2456858905807
828.1787524312864
828.1118189719922
827.7665395877189
827.1608720800779
826.5552045724369
825.9495370647959
825.3438695571547
824.7382020495137
824.3243264358433
824.088675443901
823.8530244519588
823.6173734600167
823.3817224680745
823.1460714761323
822.7788287582663
822.290116754932
821.8014047515976
821.3126927482633
820.8239807449291
820.3352687415949
819.9771370334538
819.7387386950264
819.500340356599
819.2619420181717
819.0235436797444
818.785145341317
818.6165857068074
818.5116371210892
818.4066885353709
818.3017399496526
818.1967913639344
818.0918427782161
817.8937286669352
817.6113219372882
817.328915207641
817.0465084779939
816.7641017483467
816.4816950186996
816.2438431651847
816.0460343016115
815.8482254380383
815.6504165744651
815.4526077108919
815.2547988473187
814.9904031252292
814.6665623527925
814.3427215803556
814.0188808079189
813.6950400354821
813.3711992630452
813.068434088608
812.7843585954154
812.5002831022229
812.2162076090303
811.9321321158377
811.6480566226452
811.3177102991108
810.9466050309808
810.5754997628508
810.2043944947208
809.8332892265908
809.4621839584607
809.0242198339818
808.5277542101974
808.031288586413
807.5348229626286
807.038357338844
806.5418917150597
806.028163756599
805.4994320866907
804.9707004167824
804.4419687468742
803.9132370769659
803.3845054070575
802.9111132082801
802.4854985653237
802.0598839223672
801.6342692794109
801.2086546364545
800.7830399934982
800.3959666636566
800.041945791192
799.6879249187275
799.3339040462629
798.9798831737984
798.6258623013338
798.2381260104751
797.8216691780216
797.4052123455682
796.9887555131147
796.5722986806612
796.1558418482078
795.8280674560156
795.5753320517366
795.3225966474577
795.0698612431787
794.8171258388996
794.5643904346207
794.1620619456515
793.6340018456237
793.105941745596
792.5778816455683
792.0498215455405
791.5217614455127
790.867678334843
790.1083833529037
789.3490883709641
788.5897933890246
787.8304984070852
787.0712034251458
786.3883709301194
785.7689463510698
785.1495217720201
784.5300971929703
783.9106726139206
783.2912480348709
782.7804281292581
782.3590667844401
781.937705439622
781.516344094804
781.0949827499861
780.6736214051681
780.2295161100861
779.7668021284246
779.304088146763
778.8413741651015
778.3786601834398
777.9159462017783
777.4310255965823
776.9280579166713
776.4250902367602
775.9221225568491
775.419154876938
774.9161871970269
774.6335468384829
774.5287610646568
774.4239752908308
774.3191895170047
774.2144037431787
774.1096179693526
773.8319507626563
773.4156669115865
772.9993830605168
772.5830992094471
772.1668153583773
771.7505315073076
771.2927681414836
770.8019701920532
770.3111722426229
769.8203742931925
769.329576343762
768.8387783943317
768.4560432816616
768.1587907115031
767.8615381413448
767.5642855711865
767.2670330010279
766.9697804308696
766.7049733893581
766.4656592632119
766.2263451370658
765.9870310109196
765.7477168847736
765.5084027586274
765.2792444772159
765.0580119737427
764.8367794702694
764.6155469667963
764.3943144633231
764.1730819598499
763.8061906619895
763.3263922513198
762.8465938406503
762.3667954299806
761.886997019311
761.4071986086414
760.9461479435121
760.4995313833564
760.0529148232008
759.6062982630452
759.1596817028897
758.7130651427341
758.2925168048625
757.8919029899139
757.4912891749653
757.0906753600167
756.690061545068
756.2894477301194
755.840603771492
755.3551275336482
754.8696512958044
754.3841750579605
753.8986988201167
753.4132225822729
753.0791308531815
752.859241472798
752.6393520924145
752.4194627120311
752.1995733316477
751.9796839512642
751.6033022552098
751.1096653838566
750.6160285125035
750.1223916411503
749.6287547697972
749.1351178984439
748.431531757627
747.5717042999999
746.7118768423728
745.8520493847457
744.9922219271186
744.1323944694915
743.2915529398999
742.4647444875521
741.6379360352042
740.8111275828561
739.9843191305083
739.1575106781604
738.4189067973603
737.7450542494304
737.0712017015004
736.3973491535704
735.7234966056404
735.0496440577106
734.3330800327869
733.585374786885
732.8376695409835
732.0899642950819
731.3422590491803
730.5945538032787
730.1010054501807
729.7915017435955
729.4819980370103
729.1724943304251
728.86299062384
728.5534869172548
728.2294824982495
727.8950492001111
727.5606159019727
727.2261826038344
726.8917493056961
726.5573160075577
726.1500466785774
725.6907516132816
725.2314565479857
724.7721614826895
724.3128664173937
723.8535713520978
723.2945110272298
722.6646770566824
722.0348430861351
721.4050091155876
720.7751751450403
720.145341174493
719.5921322148931
719.0929090584606
718.5936859020283
718.0944627455959
717.5952395891636
717.0960164327313
716.5682017671575
716.0203811447624
715.4725605223673
714.9247398999722
714.3769192775771
713.8290986551818
713.3043913409834
712.7957458172269
712.2871002934703
711.7784547697138
711.2698092459572
710.7611637222006
710.218984478244
709.6536622442901
709.0883400103363
708.5230177763822
707.9576955424284
707.3923733084745
706.72971650025
706.0003472310085
705.2709779617671
704.5416086925256
703.8122394232843
703.0828701540428
702.3311361689637
701.5641791420115
700.7972221150595
700.0302650881076
699.2633080611557
698.4963510342038
697.7776850838288
697.0916628220895
696.4056405603501
695.7196182986107
695.0335960368714
694.3475737751319
693.718604523562
693.1279354821617
692.5372664407613
691.9465973993609
691.3559283579605
690.7652593165601
690.1344301995832
689.4768276988887
688.819225198194
688.1616226974992
687.5040201968045
686.8464176961099
686.0963887836898
685.2851689781883
684.4739491726868
683.6627293671853
682.8515095616838
682.0402897561822
681.3275845542373
680.6796486220337
680.0317126898303
679.3837767576271
678.7358408254237
678.0879048932203
677.4818303651014
676.9030868363434
676.3243433075854
675.7455997788275
675.1668562500695
674.5881127213113
673.8917973442622
673.1192540655736
672.3467107868852
671.5741675081966
670.8016242295082
670.0290809508197
669.2547611292026
668.4792975059739
667.7038338827452
666.9283702595163
666.1529066362876
665.3774430130591
664.6683877152541
664.0017901992775
663.3351926833009
662.6685951673243
662.0019976513476
661.335400135371
660.7157496693249
660.1259048235341
659.5360599777437
658.9462151319532
658.3563702861627
657.7665254403722
657.1567035422895
656.5342874155876
655.9118712888858
655.2894551621839
654.667039035482
654.0446229087801
653.3654544077798
652.6507579976659
651.936061587552
651.2213651774381
650.5066687673242
649.7919723572103
649.1741651402057
648.616586340539
648.0590075408725
647.5014287412058
646.9438499415393
646.3862711418726
645.7376254183939
645.0327685748263
644.3279117312586
643.623054887691
642.9181980441233
642.2133412005558
641.5508095536538
640.914219156321
640.2776287589885
639.6410383616559
639.0044479643233
638.3678575669908
637.6716729524034
636.9392205434009
636.2067681343984
635.474315725396
634.7418633163935
634.0094109073908
633.3372833162822
632.7016086899972
632.0659340637121
631.430259437427
630.7945848111419
630.158910184857
629.4985857739094
628.8234714921646
628.1483572104197
627.4732429286745
626.7981286469296
626.1230143651848
625.3981820808835
624.6437305610169
623.8892790411503
623.1348275212837
622.3803760014171
621.6259244815504
620.9017398604057
620.1954584711307
619.4891770818559
618.7828956925812
618.0766143033063
617.3703329140316
616.688629265407
616.0213601628785
615.3540910603501
614.6868219578216
614.0195528552932
613.3522837527645
612.537215886496
611.6359645722422
610.7347132579882
609.8334619437343
608.9322106294803
608.0309593152264
607.0788682032509
606.0973435241734
605.115818845096
604.1342941660181
603.1527694869407
602.1712448078632
601.2786993599888
600.4372994544595
599.5958995489302
598.754499643401
597.9130997378717
597.0716998323423
596.115983714921
595.0950295498748
594.0740753848289
593.0531212197831
592.0321670547373
591.0112128896915
589.9727085025562
588.9242605170047
587.8758125314532
586.8273645459017
585.7789165603502
584.7304685747984
583.811965549069
582.9665565632397
582.1211475774103
581.2757385915809
580.4303296057515
579.5849206199222
578.6312577534314
577.617141421117
576.6030250888025
575.5889087564877
574.5747924241732
573.5606760918587
572.3541031411502
571.0408314434565
569.7275597457626
568.4142880480689
567.1010163503752
565.7877446526813
564.6378023210059
563.577754446596
562.5177065721865
561.457658697777
560.3976108233675
559.337562948958
558.1535927798
556.9019124908308
555.6502322018616
554.3985519128926
553.1468716239234
551.8951913349539
550.7866663858292
549.755791248291
548.7249161107528
547.6940409732147
546.6631658356765
545.6322906981384
544.6377196842456
543.6626970446235
542.6876744050014
541.7126517653791
540.7376291257569
539.7626064861348
538.7337008524589
537.6759933114753
536.6182857704918
535.5605782295082
534.5028706885246
533.445163147541
532.473771904418
531.5481811458736
530.6225903873296
529.6969996287856
528.7714088702417
527.8458181116976
526.9835568080022
526.1546522400666
525.3257476721311
524.4968431041956
523.6679385362601
522.8390339683243
522.1211477514308
521.4613066622394
520.801465573048
520.1416244838566
519.4817833946652
518.8219423054737
518.0740793350653
517.2805341225063
516.4869889099473
515.693443697388
514.899898484829
514.10635327227
513.1689301906362
512.1573882067519
511.1458462228674
510.1343042389831
509.1227622550987
508.11122027121434
507.04232923812185
505.94411362822984
504.84589801833823
503.7476824084466
502.649466798555
501.55125118866346
500.3142425062517
499.00679110864127
497.69933971103086
496.39188831342045
495.08443691581004
493.7769855181992
492.55512496423984
491.3763816021949
490.1976382401499
489.01889487810496
487.84015151605996
486.661408154015
485.49994931544876
484.3471327386219
483.19431616179503
482.04149958496777
480.8886830081409
479.7358664313141
478.5427703459848
477.32968517788265
476.1166000097804
474.90351484167826
473.69042967357603
472.4773445054738
471.22627911681036
469.9565070523476
468.6867349878853
467.416962923423
466.1471908589607
464.8774187944984
463.6219785589052
462.373544204918
461.12510985093087
459.8766754969437
458.6282411429565
457.3798067889689
456.0943885530145
454.79102764165026
453.48766673028604
452.1843058189218
450.8809449075576
449.57758399619337
448.37314125709923
447.2163257861351
446.059510315171
444.90269484420645
443.74587937324236
442.5890639022782
441.4468521915253
440.3116186322033
439.1763850728813
438.0411515135593
436.90591795423734
435.7706843949153
434.6813061425397
433.61367254431764
432.54603894609596
431.47840534787423
430.41077174965255
429.3431381514309
428.1660560081689
426.9374686672409
425.7088813263129
424.4802939853849
423.25170664445693
422.0231193035285
420.58286693945513
419.04376856212815
417.50467018480117
415.9655718074742
414.4264734301472
412.88737505282023
411.3399050656016
409.7885555518478
408.2372060380941
406.6858565243398
405.134507010586
403.58315749683226
402.2506731343705
401.0188347903861
399.7869964464017
398.5551581024173
397.32331975843294
396.09148141444854
394.8384617372049
393.5757767913862
392.313091845568
391.05040689974976
389.7877219539315
388.52503700811326
386.97942411147534
385.30570582306194
383.63198753464854
381.95826924623515
380.28455095782175
378.6108326694078
376.9976809705471
375.411740348152
373.82579972575695
372.23985910336194
370.65391848096687
369.0679778585718
367.49010976451797
365.9158402674355
364.34157077035303
362.76730127327005
361.1930317761876
359.6187622791051
358.1665533312863
356.7683327033342
355.370112075382
353.97189144742987
352.5736708194777
351.1754501915255
349.78655736346224
348.4017580303137
347.01695869716565
345.6321593640176
344.2473600308696
342.8625606977215
341.46312647493744
340.0573201231731
338.65151377140876
337.2457074196444
335.8399010678801
334.4340947161153
332.73827983695435
330.91718681111394
329.09609378527347
327.275000759433
325.4539077335926
323.6328147077521
321.81225233598224
319.99191738738546
318.17158243878873
316.3512474901913
314.53091254159455
312.71057759299777
310.8395293049178
308.9469188131146
307.0543083213114
305.16169782950817
303.269087337705
301.3764768459018
299.538156824118
297.722736574048
295.9073163239786
294.09189607390914
292.27647582383975
290.46105557377035
288.91795682356206
287.48880820450125
286.05965958544044
284.63051096637963
283.2013623473189
281.77221372825755
280.26725480455656
278.7308274525144
277.1944001004722
275.65797274843
274.12154539638783
272.5851180443456
270.9836822719089
269.35547832636854
267.72727438082813
266.0990704352872
264.47086648974687
262.8426625442065
261.2238721215336
259.60892665890515
257.99398119627665
256.3790357336482
254.76409027101977
253.1491448083913
251.3355878474578
249.4415629961096
247.5475381447621
245.65351329341456
243.75948844206704
241.86546359071951
240.1891821993331
238.6004051890525
237.01162817877193
235.42285116849135
233.83407415821074
232.24529714792962
230.55907738280047
228.8340167993051
227.10895621580974
225.3838956323144
223.65883504881901
221.93377446532367
219.83104197852185
217.5789973439012
215.32695270928056
213.07490807465913
210.82286344003847
208.57081880541784
206.76672065009706
205.13826740197263
203.50981415384823
201.8813609057238
200.25290765759937
198.62445440947494
196.96845445748835
195.30174189844365
193.63502933939952
191.9683167803554
190.30160422131127
188.63489166226717
186.82970079452616
184.97110143359265
183.1125020726591
181.25390271172557
179.39530335079206
177.5367039898579
175.66574504692937
173.79005870627924
171.91437236562913
170.03868602497903
168.1629996843289
166.2873133436788
164.33275995593226
162.34829148135606
160.36382300677985
158.37935453220297
156.39488605762676
154.41041758305056
152.5083876589606
150.63736673092512
148.76634580288962
146.8953248748541
145.0243039468186
143.1532830187831
141.38735631667146
139.66062952033863
137.93390272400637
136.20717592767411
134.48044913134186
132.7537223350096
130.82503080569595
128.82163999158098
126.81824917746601
124.81485836335105
122.81146754923608
120.80807673512044
118.46924552089425
116.0073940232561
113.54554252561795
111.08369102797981
108.62183953034166
106.15998803270351
103.9405231763546
101.80919891683814
99.67787465732168
97.5465503978045
95.41522613828803
93.28390187877157
91.27844350400089
89.31836534617935
87.35828718835779
85.39820903053624
83.4381308727147
81.47805271489314
79.67713941411519
77.93312214820746
76.18910488230033
74.44508761639318
72.70107035048605
70.95705308457892
69.42939606349535
67.97841750389551
66.52743894429567
65.07646038469584
63.625481825095996
62.17450326549566
60.7042673414946
59.2272653164877
57.750263291480806
56.27326126647391
54.79625924146701
53.319257216460116
51.830132330575196
50.33678487517097
48.84343741976674
47.350089964362
45.85674250895777
44.363395053553546
42.49254533769358
40.49134730768531
38.49014927767705
36.48895124766878
34.48775321766051
32.48655518765224
30.016231057571794
27.385333564378435
24.75443607118597
22.123538577993507
19.492641084801043
16.86174359160858
14.46572813928526
12.149404807971084
9.833081476656908
7.516758145342733
5.200434814028558
2.8841114827135925
nan
nan
nan
nan
nan
nan
nan
nan
nan
nan
nan
nan
nan
nan
nan
nan
nan
nan
nan
nan
nan
nan
nan
nan
nan
nan
nan
nan
nan
nan
nan
nan
nan
nan
nan
nan
nan
nan
nan
nan
nan
nan
nan
nan
nan
nan
nan
nan
nan
nan
nan
nan
nan
nan
nan
nan
nan
nan
nan
nan
nan
nan
nan
nan
nan
nan
nan
nan
nan
nan
nan
nan
nan
nan
nan
nan
nan
nan
nan
nan
nan
nan
nan
nan
nan
nan
nan
nan
nan
nan
nan
nan
nan
nan
nan
nan
nan
nan
nan
nan
nan
nan
nan
nan
nan
nan
nan
nan
nan
nan
nan
nan
nan
nan
-1.7855743867129743
-1.7495352158321753
-1.7134960449513763
-1.6774568740705773
-1.6414177031897785
-1.605378532308967
-1.5878921603817706
-1.5755879135354247
-1.563283666689079
-1.5509794198427331
-1.5386751729963872
-1.5263709261500416
-1.5245218618210614
-1.5255646564862462
-1.526607451151431
-1.527650245816616
-1.5286930404818007
-1.5297358351469854
-1.5327730779380389
-1.5363565708527371
-1.5399400637674356
-1.543523556682134
-1.5471070495968324
-1.5506905425115307
-1.5635159993606542
-1.578847751514035
-1.5941795036674105
-1.6095112558207858
-1.6248430079741611
-1.6401747601275367
-1.6623097589416516
-1.6862714222925814
-1.7102330856435115
-1.7341947489944416
-1.7581564123453715
-1.7821180756963098
-1.8032421699852774
-1.823611973764104
-1.8439817775429308
-1.8643515813217577
-1.8847213851005844
-1.905091188879411
-1.90757164309586
-1.905344373743262
-1.9031171043906643
-1.9008898350380656
-1.8986625656854677
-1.89643529633287
-1.8871010734687401
-1.8759154593537084
-1.864729845238677
-1.8535442311236454
-1.842358617008614
-1.8311730028935824
-1.8248322948757993
-1.8197409022667397
-1.8146495096576818
-1.809558117048624
-1.804466724439566
-1.7993753318305081
-1.7998707599238677
-1.8017921129663794
-1.8037134660088912
-1.8056348190514029
-1.8075561720939146
-1.809477525136427
-1.8184461464470705
-1.8291949753995569
-1.8399438043520433
-1.8506926333045297
-1.8614414622570161
-1.8721902912095028
-1.8799429400230616
-1.8869465438018889
-1.8939501475807161
-1.9009537513595458
-1.9079573551383728
-1.9149609589172
-1.907522549991663
-1.8965111691080847
-1.8854997882245064
-1.8744884073409278
-1.8634770264573495
-1.8524656455737711
-1.8369128100661312
-1.8202481661650423
-1.8035835222639593
-1.7869188783628762
-1.770254234461793
-1.7535895905607102
-1.7506090773312033
-1.750943353519033
-1.751277629706863
-1.751611905894693
-1.7519461820825228
-1.7522804582703528
-1.7647530336646318
-1.7801347882075598
-1.795516542750488
-1.810898297293416
-1.8262800518363442
-1.8416618063792722
-1.8621186258527365
-1.8837788112375646
-1.905438996622393
-1.927099182007229
-1.9487593673920571
-1.9704195527768855
-1.9710888351903302
-1.9668343255487633
-1.9625798159071963
-1.9583253062656292
-1.9540707966240622
-1.9498162869824953
-1.9378170021328158
-1.9240206749863822
-1.910224347839953
-1.896428020693524
-1.8826316935470948
-1.8688353664006656
-1.85212310718644
-1.8347416176615725
-1.817360128136705
-1.7999786386118377
-1.7825971490869703
-1.765215659562097
-1.7456201243703773
-1.7255220143953849
-1.7054239044203925
-1.6853257944454
-1.6652276844704077
-1.6451295744954153
-1.6307619973656575
-1.6176808663848299
-1.6045997354040022
-1.5915186044231704
-1.5784374734423428
-1.5653563424615151
-1.5520071426704625
-1.53859843269547
-1.5251897227204774
-1.5117810127454847
-1.4983723027704923
-1.4849635927954996
-1.4759670198874697
-1.4679389648721852
-1.4599109098569034
-1.4518828548416216
-1.4438547998263398
-1.4358267448110582
-1.4295677881733813
-1.4236927940639066
-1.417817799954432
-1.4119428058449572
-1.4060678117354828
-1.4001928176260061
-1.3966156058377321
-1.3935314404584602
-1.3904472750791883
-1.3873631096999164
-1.3842789443206447
-1.3811947789413728
-1.3702172668157826
-1.3575654084106705
-1.3449135500055582
-1.332261691600442
-1.3196098331953297
-1.3069579747902176
-1.2935867252342301
-1.2800646355982206
-1.266542545962211
-1.2530204563262015
-1.2394983666901922
-1.2259762770541827
-1.2197842238869134
-1.215111272844956
-1.210438321803
-1.205765370761044
-1.201092419719088
-1.1964194686771321
-1.1895318719224781
-1.1821906730338982
-1.1748494741453184
-1.1675082752567385
-1.1601670763681586
-1.152825877479576
-1.1452953962028327
-1.137726603260349
-1.1301578103178653
-1.1225890173753816
-1.1150202244328977
-1.107451431490414
-1.1012017909513756
-1.0952159808930262
-1.089230170834677
-1.0832443607763256
-1.0772585507179762
-1.071272740659627
-1.0680125553267572
-1.0652909664965267
-1.062569377666296
-1.0598477888360656
-1.057126200005835
-1.0544046111756045
-1.0566932452711861
-1.0599599706949159
-1.0632266961186445
-1.0664934215423734
-1.069760146966102
-1.0730268723898306
-1.0708729683489857
-1.0676737341728257
-1.0644744999966658
-1.0612752658205058
-1.058076031644346
-1.054876797468185
-1.0478450023517631
-1.0400831956276733
-1.0323213889035836
-1.0245595821794937
-1.016797775455404
-1.0090359687313144
-1.0051993676635178
-1.0021011716201726
-0.9990029755768273
-0.9959047795334809
-0.9928065834901356
-0.9897083874467903
-0.993077124923646
-0.9976472294971385
-1.0022173340706308
-1.0067874386441233
-1.0113575432176158
-1.0159276477911083
-1.0226990189313692
-1.029874172696306
-1.0370493264612406
-1.044224480226175
-1.0513996339911096
-1.058574787756044
-1.0652920607529872
-1.0719264104612394
-1.0785607601694913
-1.0851951098777435
-1.0918294595859954
-1.0984638092942498
-1.1013566704234514
-1.1035806210208394
-1.1058045716182274
-1.1080285222156157
-1.1102524728130037
-1.1124764234103919
-1.1142887162917476
-1.1160283636938038
-1.1177680110958599
-1.1195076584979164
-1.1212473058999726
-1.1229869533020285
-1.1263040342767439
-1.1298958541711588
-1.133487674065574
-1.1370794939599889
-1.140671313854404
-1.144263133748819
-1.1445175058988608
-1.1441982542178382
-1.1438790025368157
-1.1435597508557933
-1.1432404991747707
-1.1429212474937482
-1.1391532565996108
-1.1348003918038343
-1.1304475270080578
-1.1260946622122816
-1.1217417974165051
-1.1173889326207287
-1.1092635293348168
-1.100506923110866
-1.0917503168869152
-1.0829937106629584
-1.0742371044390073
-1.0654804982150565
-1.0594056596904677
-1.0537734430191703
-1.0481412263478729
-1.0425090096765757
-1.0368767930052782
-1.0312445763339808
-1.0284184449408167
-1.026049118127813
-1.0236797913148095
-1.021310464501806
-1.0189411376888025
-1.0165718108757988
-1.0207819873828836
-1.0260484477885516
-1.0313149081942197
-1.036581368599888
-1.041847829005556
-1.0471142894112275
-1.0598867790894746
-1.0738474818958093
-1.087808184702144
-1.1017688875084783
-1.115729590314813
-1.1296902931211477
-1.144646600160047
-1.1597582905184793
-1.1748699808769119
-1.1899816712353442
-1.2050933615937764
-1.220205051952209
-1.2321893808213389
-1.243692577153653
-1.2551957734859671
-1.2666989698182813
-1.2782021661505953
-1.2897053624829096
-1.285195659861074
-1.278257897704915
-1.2713201355487609
-1.2643823733926067
-1.2574446112364523
-1.2505068490802982
-1.2625048441867222
-1.2773323202634095
-1.292159796340097
-1.3069872724167846
-1.321814748493472
-1.3366422245701595
-1.354929677844124
-1.373726535026674
-1.3925233922092242
-1.4113202493917743
-1.4301171065743243
-1.4489139637568744
-1.460066335340093
-1.4701099647371472
-1.4801535941342017
-1.4901972235312628
-1.500240852928317
-1.5102844823253716
-1.5190779792133953
-1.5276928857429866
-1.5363077922725779
-1.5449226988021691
-1.5535376053317604
-1.5621525118613517
-1.5696398426115596
-1.576968541027786
-1.5842972394440127
-1.591625937860239
-1.5989546362764655
-1.6062833346926921
-1.6088962709113641
-1.6108559801083633
-1.6128156893053625
-1.6147753985023614
-1.6167351076993606
-1.6186948168963609
-1.624276002539041
-1.6303510258788574
-1.6364260492186737
-1.64250107255849
-1.6485760958983064
-1.654651119238123
-1.659923599455961
-1.6650883659466524
-1.6702531324373442
-1.675417898928036
-1.6805826654187275
-1.6857474319094192
-1.68486336671631
-1.6831803992253405
-1.6814974317343707
-1.6798144642434012
-1.6781314967524315
-1.6764485292614617
-1.6696982621147558
-1.662289532300914
-1.654880802487077
-1.64747207267324
-1.6400633428594031
-1.6326546130455661
-1.6244816792006094
-1.6162110651411485
-1.607940451081688
-1.599669837022227
-1.5913992229627665
-1.5831286089033059
-1.56952058008669
-1.5552416192086689
-1.5409626583306477
-1.5266836974526266
-1.5124047365746054
-1.4981257756965842
-1.4830670734787466
-1.467911998735763
-1.4527569239927793
-1.4376018492497853
-1.4224467745068017
-1.407291699763818
-1.3976159866532343
-1.388605990376491
-1.3795959940997478
-1.3705859978230046
-1.3615760015462612
-1.352566005269518
-1.356866653518478
-1.362756632457072
-1.3686466113956657
-1.3745365903342595
-1.3804265692728532
-1.3863165482114472
-1.3884464634454012
-1.3901352538871905
-1.39182404432898
-1.3935128347707693
-1.3952016252125585
-1.3968904156543491
-1.3975537653898307
-1.398098941661017
-1.3986441179322036
-1.3991892942033899
-1.3997344704745764
-1.4002796467457628
-1.4008749549591553
-1.4014759367318699
-1.4020769185045845
-1.4026779002772993
-1.403278882050014
-1.4038798638227286
-1.4060045489963877
-1.4082985345479297
-1.4105925200994718
-1.4128865056510138
-1.4151804912025558
-1.4174744767540979
-1.418194593944429
-1.4187430692986944
-1.4192915446529595
-1.4198400200072245
-1.4203884953614896
-1.4209369707157546
-1.4102358395470935
-1.3983308759460937
-1.3864259123450937
-1.374520948744094
-1.362615985143094
-1.350711021542094
-1.3520083754206724
-1.3546916079297027
-1.357374840438733
-1.360058072947763
-1.3627413054567932
-1.3654245379658234
-1.3760274529199759
-1.3874456293023039
-1.3988638056846319
-1.4102819820669676
-1.4217001584492959
-1.4331183348316239
-1.4371277454762443
-1.4403894825143104
-1.4436512195523765
-1.4469129565904424
-1.4501746936285085
-1.4534364306665746
-1.4480378647866068
-1.4417827854312304
-1.4355277060758542
-1.4292726267204778
-1.4230175473651017
-1.4167624680097253
-1.408537666124202
-1.4001220136096149
-1.3917063610950278
-1.3832907085804407
-1.3748750560658536
-1.3664594035512607
-1.3640947196824111
-1.3623042153200884
-1.3605137109577656
-1.3587232065954427
-1.35693270223312
-1.3551421978707971
-1.3527064359152539
-1.350210731997499
-1.347715028079744
-1.3452193241619892
-1.3427236202442345
-1.3402279163264796
-1.3293783175768272
-1.317769273842457
-1.3061602301080866
-1.2945511863737165
-1.2829421426393461
-1.2713330989049758
-1.2676981568716317
-1.2647723454795763
-1.2618465340875231
-1.25892072269547
-1.2559949113034166
-1.2530690999113634
-1.2533864207293695
-1.2539857530439011
-1.254585085358433
-1.2551844176729647
-1.2557837499874966
-1.2563830823020283
-1.2530703882856347
-1.2494252074020562
-1.2457800265184775
-1.2421348456348988
-1.2384896647513202
-1.2348444838677415
-1.2289880628585728
-1.2229480370736328
-1.2169080112886927
-1.2108679855037485
-1.2048279597188085
-1.1987879339338685
-1.190945986456791
-1.1829579372208925
-1.174969887984994
-1.1669818387490953
-1.1589937895131968
-1.1510057402772982
-1.1485043205151428
-1.1464370944523476
-1.1443698683895527
-1.1423026423267575
-1.1402354162639623
-1.138168190201167
-1.1230353578752448
-1.106893870128649
-1.0907523823820533
-1.0746108946354576
-1.0584694068888618
-1.042327919142255
-1.0204847977370297
-0.9982125211101897
-0.9759402444833496
-0.9536679678565096
-0.9313956912296696
-0.9091234146028295
-0.892064491604165
-0.8753879433796588
-0.8587113951551525
-0.8420348469306462
-0.82535829870614
-0.8086817504816337
-0.7964757089423177
-0.7845889893090866
-0.7727022696758555
-0.7608155500426245
-0.7489288304093935
-0.7370421107761624
-0.7317485802739383
-0.7269133998182531
-0.7220782193625711
-0.7172430389068891
-0.7124078584512071
-0.7075726779955251
-0.7148497901385127
-0.7229458829198405
-0.7310419757011684
-0.7391380684824963
-0.7472341612638241
-0.755330254045152
-0.7704718095455688
-0.786076388350792
-0.8016809671560151
-0.8172855459612383
-0.8328901247664614
-0.8484947035716845
-0.8614849729731848
-0.8743083715616813
-0.8871317701501776
-0.8999551687386828
-0.9127785673271791
-0.9256019659156755
-0.9420444834329031
-0.9587111941581041
-0.975377904883305
-0.9920446156085059
-1.0087113263337066
-1.0253780370589076
-1.0406163901683818
-1.0557689408769113
-1.070921491585441
-1.0860740422939708
-1.1012265930025003
-1.11637914371103
-1.1273280336160034
-1.1380322660138913
-1.1487364984117794
-1.1594407308096673
-1.1701449632075551
-1.1808491956054505
-1.1871813636076711
-1.193267218122814
-1.1993530726379569
-1.2054389271530999
-1.2115247816682428
-1.2176106361833856
-1.2256948678674646
-1.233887974230343
-1.2420810805932212
-1.2502741869560996
-1.2584672933189778
-1.2666603996818562
-1.2678389639358154
-1.2686483417629897
-1.269457719590164
-1.270267097417338
-1.2710764752445123
-1.2718858530716863
-1.2664529573595456
-1.2607030284904117
-1.2549530996212814
-1.2492031707521514
-1.2434532418830213
-1.2377033130138912
-1.2340775291105854
-1.2305557243314802
-1.227033919552375
-1.22351211477327
-1.2199903099941647
-1.2164685052150594
-1.2180804430680745
-1.2199342850241734
-1.2217881269802722
-1.2236419689363711
-1.2254958108924698
-1.2273496528485688
-1.2352816138188372
-1.2434888902845218
-1.2516961667502065
-1.2599034432158966
-1.2681107196815813
-1.276317996147266
-1.294453986137544
-1.3130216593245396
-1.3315893325115353
-1.350157005698531
-1.368724678885527
-1.3872923520725227
-1.4017300406015574
-1.415995646436511
-1.4302612522714646
-1.4445268581064183
-1.458792463941372
-1.4730580697763258
-1.462702223718534
-1.4513649333045306
-1.440027642890527
-1.4286903524765235
-1.41735306206252
-1.4060157716485089
-1.3924613716824068
-1.3788225834634575
-1.3651837952445083
-1.351545007025559
-1.3379062188066098
-1.3242674305876605
-1.317728165172547
-1.3114463954031668
-1.3051646256337865
-1.2988828558644063
-1.292601086095026
-1.2863193163256461
-1.2656931003323153
-1.2445722482622965
-1.2234513961922777
-1.2023305441222591
-1.1812096920522404
-1.1600888399822216
-1.1484384845384856
-1.1370978355248633
-1.1257571865112488
-1.1144165374976345
-1.10307588848402
-1.0917352394704054
-1.0833957925573752
-1.0751491663278672
-1.0669025400983592
-1.0586559138688514
-1.0504092876393434
-1.0421626614098356
-1.0288311169720195
-1.015351298761406
-1.0018714805507922
-0.9883916623401787
-0.9749118441295651
-0.9614320259189515
-0.9524585129046694
-0.9436084603067258
-0.9347584077087823
-0.9259083551108327
-0.9170583025128891
-0.9082082499149455
-0.9050775970178929
-0.90209359539522
-0.8991095937725472
-0.8961255921498743
-0.8931415905272014
-0.8901575889045286
-0.8995422893144217
-0.909222487725091
-0.9189026861357603
-0.9285828845464296
-0.9382630829570989
-0.9479432813677682
-0.9505855888516808
-0.9530720316302304
-0.9555584744087798
-0.9580449171873293
-0.9605313599658788
-0.96301780274443
-0.948210105080739
-0.933049465775377
-0.9178888264700148
-0.9027281871646528
-0.8875675478592906
-0.8724069085539286
-0.8474892460791567
-0.8223893641564012
-0.7972894822336457
-0.7721896003108902
-0.7470897183881348
-0.7219898364653793
-0.6997292852967221
-0.6775168583781344
-0.6553044314595465
-0.6330920045409588
-0.6108795776223711
-0.5886671507037833
-0.5692266427082568
-0.5498283466760131
-0.5304300506437827
-0.5110317546115521
-0.4916334585793216
-0.47223516254709114
-0.4598613245460932
-0.4475824116536235
-0.43530349876115376
-0.4230245858686841
-0.41074567297621434
-0.39846676008374465
-0.3904338362512084
-0.3824510337060572
-0.37446823116090605
-0.3664854286157549
-0.35850262607060374
-0.3505198235254526
-0.3374329477396799
-0.3242945156585467
-0.31115608357741353
-0.29801765149627135
-0.28487921941513816
-0.271740787334005
-0.2459831789016592
-0.22011952697056808
-0.194255875039477
-0.16839222310838592
-0.14252857117729484
-0.11666491924620373
-0.09112101131112268
-0.06557924930890072
-0.04003748730667876
-0.014495725304456794
0.011046036697765188
0.036587798699987156
0.13357233319780057
0.23091587660263194
0.32825942000746333
0.4256029634122947
0.522946506817126
0.6202900502220238
0.5336636800742823
0.4464220259348022
0.3591803717953219
0.2719387176558417
0.1846970635163615
0.09745540937688124
0.09731000662
0.09731000662
0.09731000662
0.09731000662
0.09731000662
0.09731000662
