939.5949707
940.3438873740947
941.0928040481894
941.8417207222841
942.5906373963788
943.3395540704736
944.086363586351
944.7088507674094
945.331337948468
945.9538251295265
946.576312310585
947.1987994916435
947.8192053573816
948.3792530788301
948.9393008002786
949.499348521727
950.0593962431755
950.619443964624
951.102382350975
950.1202433704735
949.1381043899721
948.1559654094707
947.1738264289694
946.191687448468
945.3906504880223
947.1250418083565
948.8594331286909
950.5938244490251
952.3282157693593
954.0626070896935
955.6269576955432
955.3208604420612
955.0147631885793
954.7086659350974
954.4025686816155
954.0964714281337
953.8681741072423
954.3400761796657
954.8119782520891
955.2838803245126
955.755782396936
956.2276844693594
956.6167638735376
956.3787573610028
956.140750848468
955.9027443359332
955.6647378233984
955.4267313108635
955.0599572796657
953.8561943771588
952.6524314746518
951.4486685721448
950.2449056696379
949.0411427671309
947.7238534559888
945.7632478292479
943.802642202507
941.842036575766
939.881430949025
937.920825322284
936.8291461022284
940.0820989155989
943.3350517289693
946.5880045423398
949.8409573557103
953.0939101690808
955.8968431222842
956.6951421529249
957.4934411835656
958.2917402142061
959.0900392448468
959.8883382754875
960.5870605774373
960.887475964624
961.1878913518105
961.4883067389973
961.7887221261839
962.0891375133705
962.3415388019498
962.4203506571031
962.4991625122562
962.5779743674095
962.6567862225627
962.735598077716
962.8026493596101
962.8310587579388
962.8594681562674
962.8878775545961
962.9162869529248
962.9446963512535
962.936816186908
962.8200673345403
962.7033184821727
962.586569629805
962.4698207774373
962.3530719250697
962.3226549991643
962.5296508710306
962.7366467428969
962.9436426147632
963.1506384866295
963.3576343584958
963.3391333846796
962.7502580364902
962.1613826883008
961.5725073401114
960.983631991922
960.3947566437325
959.0594016158774
955.9822606688023
952.905119721727
949.8279787746518
946.7508378275766
943.6736968805014
942.5398525671309
945.5994378317549
948.6590230963789
951.7186083610028
954.7781936256267
957.8377788902508
959.9880015364903
960.3194989459611
960.6509963554317
960.9824937649025
961.3139911743733
961.645488583844
961.8137553740947
961.6788795857939
961.544003797493
961.4091280091923
961.2742522208914
961.1393764325906
961.0038273830085
960.8671154275767
960.7304034721449
960.5936915167131
960.4569795612814
960.3202676058496
958.0720750286908
952.4271527557103
946.7822304827298
941.1373082097493
935.4923859367688
929.8474636637883
885.4876962743739
783.0556612103064
680.6236261462388
578.1915910821715
475.7595560181061
373.3275209540386
358.671950500001
466.9034304999994
575.1349105
683.3663905000008
791.5978704999991
899.8293504999997
960.9149353935933
960.3481959172701
959.7814564409471
959.2147169646239
958.6479774883009
958.0812380119778
957.7189544036212
957.6065613005571
957.4941681974931
957.381775094429
957.2693819913649
957.1569888883008
957.2199594810585
957.4833457261839
957.7467319713091
958.0101182164345
958.2735044615599
958.5368907066852
959.0152036743732
959.7232658972144
960.4313281200557
961.139390342897
961.8474525657382
962.5555147885794
963.1652509
963.6766609
964.1880709
964.6994809
965.2108909
965.7223008999999
966.0267774116991
966.1376709827298
966.2485645537604
966.359458124791
966.4703516958217
966.5812452668523
966.4112696679665
965.9955335454039
965.5797974228412
965.1640613002785
964.7483251777159
964.3325890551532
964.0872710821727
963.9813861406685
963.8755011991643
963.7696162576601
963.6637313161559
963.5578463746517
963.469915630362
963.3957145662953
963.3215135022284
963.2473124381615
963.1731113740948
963.0989103100279
963.4561147320335
964.121465929805
964.7868171275766
965.4521683253482
966.1175195231198
966.7828707208914
967.1475821281336
967.3118670083566
967.4761518885794
967.6404367688021
967.804721649025
967.9690065292478
967.7923068610028
967.4036438247911
967.0149807885794
966.6263177523676
966.2376547161559
965.8489916799442
965.6243489857939
965.4946654370473
965.3649818883008
965.2352983395542
965.1056147908077
964.9759312420613
965.0103341640668
965.1330913395543
965.2558485150417
965.3786056905292
965.5013628660166
965.6241200415042
965.7841443590529
965.9628022476322
966.1414601362117
966.3201180247911
966.4987759133704
966.6774338019499
966.6912372688022
966.6286447841226
966.5660522994428
966.5034598147632
966.4408673300835
966.3782748454039
966.3907300899722
966.4353486470752
966.4799672041783
966.5245857612813
966.5692043183844
966.6138228754875
966.6929475671309
966.7857142189415
966.8784808707521
966.9712475225626
967.0640141743733
967.1567808261839
967.4600374846797
967.8398359637883
968.2196344428969
968.5994329220056
968.9792314011141
969.3590298802228
969.8271474275765
970.3247046643454
970.8222619011142
971.319819137883
971.8173763746518
972.3149336114205
972.3142365562674
972.1618968905292
972.0095572247911
971.857217559053
971.7048778933148
971.5525382275766
971.379119153482
971.1998696047355
971.0206200559888
970.8413705072423
970.6621209584958
970.4828714097494
970.3581026231197
970.2469540270195
970.1358054309192
970.0246568348189
969.9135082387186
969.8023596426183
969.869138222284
969.9758596373259
970.0825810523677
970.1893024674094
970.2960238824512
970.4027452974931
970.6166267682452
970.8519402501393
971.0872537320334
971.3225672139276
971.5578806958217
971.7931941777159
971.9456934902507
972.0835785376045
972.2214635849582
972.3593486323119
972.4972336796657
972.6351187270195
972.6934105320335
972.7394572228412
972.785503913649
972.8315506044569
972.8775972952646
972.9236439860724
972.8786729796658
972.8216807679665
972.7646885562674
972.7076963445683
972.6507041328691
972.59371192117
972.2922081155989
971.9635363551532
971.6348645947076
971.3061928342618
970.9775210738161
970.6488493133704
970.8360980208913
971.0702485891364
971.3043991573816
971.5385497256268
971.7727002938719
972.0068508621171
972.1400809289694
972.2661023885794
972.3921238481894
972.5181453077995
972.6441667674095
972.7701882270195
972.4665672169916
972.1403334454039
971.8140996738161
971.4878659022285
971.1616321306407
970.835398359053
970.59978566156
970.3672978286909
970.1348099958218
969.9023221629527
969.6698343300836
969.4373464972145
969.4334717
969.4334717
969.4334717
969.4334717
969.4334717
969.4334717
