0.99250002413 
0.97749990013 
0.9624997759999999 
0.947499955 
0.93250006 
0.91749991 
0.90249991 
0.88749996 
0.87249996 
0.8575000599999999 
0.842500125 
0.82750016 
0.8100002 
0.7875000200000001 
0.762499965 
0.7375001050000001 
0.7125001 
0.6875001 
0.65625015 
0.6187501999999999 
0.58125015 
0.5437501 
0.5062501 
0.46875009999999995 
0.43125009999999997 
0.3937501 
0.3562501 
0.31279157999999996 
0.26647905 
0.2265135325 
0.1925410165877065 
0.1636615040877065 
0.13911500000000002 
0.11825 
0.10051436 
0.085439015 
0.06745011 
0.048281660000000004 
0.034271609999999994 
0.024079704999999996 
0.014542270999999999 
0.006684756500000001 
0.0028636805 
0.00113378455 
0.00041406405000000003 
0.000138674505 
3.8000004999999996e-05 
