0.000005
0.000016
0.000030
0.000046
0.000067
0.000093
0.000128
0.000173
0.000232
0.000308
0.000405
0.000529
0.000687
0.000886
0.001135
0.001446
0.001834
0.002312
0.002900
0.003619
0.004492
0.005548
0.006818
0.008336
0.010141
0.012287
0.014844
0.017878
0.021467
0.025699
0.030673
0.036499
0.043326
0.051326
0.060682
0.071600
0.084313
0.099191
0.116695
0.137287
0.161513
0.190061
0.223772
0.263587
0.309854
0.353349
0.390927
0.428528
0.466153
0.503795
0.541449
0.579115
0.616790
0.654471
0.685878
0.711006
0.736134
0.761265
0.786400
0.809021
0.826616
0.841698
0.856781
0.871864
0.886948
0.902031
0.917116
0.932200
0.947285
0.962370
0.977456
0.992500
