0.000000        
0.000010
0.000022
0.000037
0.000055
0.000078
0.000108
0.000148
0.000199
0.000265
0.000350
0.000460
0.000599
0.000775
0.000996
0.001274
0.001619
0.002048
0.002576
0.003224
0.004013
0.004971
0.006126
0.007510
0.009162
0.011120
0.013455
0.016232
0.019523
0.023410
0.027987
0.033358
0.039641
0.047011
0.055641
0.065723
0.077477
0.091149
0.107233
0.126157
0.148418
0.174608
0.205513
0.242032
0.285142
0.334566
0.372133
0.409720
0.447337
0.484970
0.522620
0.560278
0.597953
0.635628
0.673314
0.698442
0.723570
0.748698
0.773832
0.798967
0.819075
0.834157
0.849239
0.864323
0.879406
0.894489
0.909573
0.924658
0.939743
0.954828
0.969913
0.984999
1.000000
