1 0.0100
2 0.0200
3 0.0327
4 0.0476
5 0.0660
6 0.0893
7 0.1197
8 0.1595
9 0.2113
10 0.2785
11 0.3650
12 0.4758
13 0.6168
14 0.7951
15 1.0194
16 1.3005
17 1.6508
18 2.0850
19 2.6202
20 3.2764
21 4.0766
22 5.0468
23 6.2168
24 7.6198
25 9.2929
26 11.2769
27 13.6434
28 16.4571
29 19.7916
30 23.7304
31 28.3678
32 33.8100
33 40.1754
34 47.6439
35 56.3879
36 66.6034
37 78.5123
38 92.3657
39 108.663
40 127.837
41 150.393
42 176.930
43 208.152
44 244.875
45 288.083
46 337.500
47 375.000
48 412.500
49 450.000
50 487.500
51 525.000
52 562.500
53 600.000
54 637.500
55 675.000
56 700.000
57 725.000
58 750.000
59 775.000
60 800.000
61 820.000
62 835.000
63 850.000
64 865.000
65 880.000
66 895.000
67 910.000
68 925.000
69 940.000
70 955.000
71 970.000
72 985.000
